BDPSO_M Results:
-6.3e+21 381167.0 381167.0 381167.0 381167.0 381167.0 391242.0 391242.0 391242.0 391242.0 391242.0 391242.0 391242.0 391242.0 391242.0 391242.0 391242.0 391242.0 391242.0 391242.0 391242.0 391242.0 391242.0 391242.0 391242.0 391242.0 391242.0 391242.0 391242.0 391242.0 406804.0 406804.0 406804.0 406804.0 406804.0 406804.0 406804.0 406804.0 406804.0 406804.0 406804.0 406804.0 406804.0 406804.0 406804.0 406804.0 406804.0 406804.0 406804.0 406804.0
288230.0 334659.0 334659.0 334659.0 334659.0 334659.0 334659.0 344890.0 384674.0 384674.0 388147.0 388147.0 388147.0 388147.0 388147.0 388147.0 394169.0 394169.0 394169.0 394169.0 411234.0 411234.0 411234.0 411234.0 411234.0 411683.0 411683.0 411683.0 411683.0 411683.0 411683.0 411683.0 447928.0 447928.0 447928.0 447928.0 447928.0 447928.0 447928.0 447928.0 447928.0 447928.0 447928.0 447928.0 447928.0 447928.0 447928.0 447928.0 447928.0 447928.0
307964.0 315046.0 325138.0 325138.0 374470.0 374470.0 414306.0 414306.0 414306.0 414306.0 414306.0 414306.0 417515.0 417515.0 417515.0 417515.0 417515.0 417515.0 417515.0 417515.0 417515.0 417515.0 417515.0 417515.0 417515.0 417515.0 417515.0 417515.0 417515.0 417515.0 417515.0 428246.0 428246.0 428246.0 428246.0 428246.0 428246.0 428246.0 428246.0 428246.0 428246.0 428246.0 428246.0 428246.0 428246.0 428246.0 428246.0 428246.0 428246.0 428246.0
-1.7999999999999997e+21 220120.0 243487.0 333375.0 333375.0 339241.0 345342.0 374706.0 374706.0 374706.0 402906.0 402906.0 402906.0 402906.0 402906.0 402906.0 402906.0 414974.0 414974.0 414974.0 439317.0 439317.0 439317.0 439317.0 439317.0 439317.0 439317.0 439317.0 439317.0 439317.0 439317.0 439317.0 439317.0 439317.0 439317.0 439317.0 439317.0 439317.0 439317.0 439317.0 439317.0 439317.0 439317.0 439317.0 439317.0 439317.0 439317.0 439317.0 439317.0 439317.0
455258.0 455258.0 455258.0 455258.0 455258.0 455258.0 455258.0 455258.0 455258.0 455258.0 455258.0 455258.0 455258.0 455258.0 455258.0 455258.0 455258.0 455258.0 455258.0 455258.0 455258.0 455258.0 455258.0 455258.0 455258.0 455258.0 455258.0 455258.0 455258.0 455258.0 455258.0 455258.0 455258.0 455258.0 455258.0 455258.0 455258.0 455258.0 455258.0 455258.0 455258.0 455258.0 455258.0 455258.0 455258.0 455258.0 455258.0 455258.0 455258.0 455258.0
287672.0 376525.0 383425.0 383425.0 383425.0 418956.0 418956.0 422546.0 422546.0 422546.0 422546.0 422546.0 422546.0 422546.0 422546.0 460714.0 463379.0 463379.0 463379.0 463379.0 469215.0 469215.0 469215.0 469215.0 469215.0 469215.0 469215.0 469215.0 469215.0 469215.0 469215.0 469215.0 469215.0 469215.0 469215.0 469215.0 469215.0 469215.0 469215.0 469215.0 469215.0 469215.0 469215.0 469215.0 469215.0 469215.0 469215.0 469215.0 469215.0 469215.0
263105.0 339553.0 339553.0 382645.0 382645.0 382645.0 382645.0 397036.0 397036.0 403009.0 403009.0 413590.0 413590.0 413590.0 413590.0 438801.0 468634.0 468634.0 468634.0 468634.0 468634.0 468634.0 468634.0 468634.0 468634.0 468634.0 468634.0 468634.0 468634.0 468634.0 468634.0 468634.0 468634.0 468634.0 468634.0 468634.0 468634.0 468634.0 468634.0 468634.0 468634.0 468634.0 468634.0 468634.0 468634.0 468634.0 468634.0 468634.0 468634.0 468634.0
337516.0 407772.0 407772.0 407772.0 425917.0 425917.0 425917.0 425917.0 445684.0 445684.0 445684.0 445684.0 445684.0 445684.0 445684.0 445684.0 445684.0 445684.0 446981.0 446981.0 446981.0 446981.0 446981.0 446981.0 446981.0 446981.0 446981.0 446981.0 446981.0 446981.0 446981.0 446981.0 446981.0 446981.0 446981.0 446981.0 446981.0 446981.0 446981.0 446981.0 446981.0 446981.0 446981.0 446981.0 446981.0 446981.0 446981.0 446981.0 446981.0 446981.0
-5.5e+21 253245.0 297994.0 297994.0 297994.0 303052.0 318108.0 415531.0 486762.0 486762.0 486762.0 486762.0 486762.0 486762.0 486762.0 486762.0 486762.0 486762.0 486762.0 486762.0 486762.0 486762.0 486762.0 486762.0 486762.0 486762.0 486762.0 486762.0 486762.0 486762.0 486762.0 486762.0 486762.0 486762.0 486762.0 486762.0 486762.0 486762.0 486762.0 486762.0 486762.0 486762.0 486762.0 486762.0 486762.0 486762.0 486762.0 486762.0 486762.0 486762.0
325442.0 337213.0 337213.0 352976.0 386464.0 469860.0 469860.0 469860.0 469860.0 494852.0 494852.0 494852.0 494852.0 503369.0 503369.0 503369.0 503369.0 503369.0 503369.0 503369.0 503369.0 503369.0 503369.0 503369.0 503369.0 503369.0 503369.0 503369.0 503369.0 503369.0 503369.0 503369.0 503369.0 503369.0 503369.0 503369.0 503369.0 503369.0 503369.0 503369.0 503369.0 503369.0 503369.0 503369.0 503369.0 503369.0 503369.0 503369.0 503369.0 503369.0
352340.0 391893.0 391893.0 391893.0 409072.0 409072.0 409072.0 409072.0 438510.0 438510.0 438510.0 438510.0 455129.0 455129.0 462997.0 462997.0 462997.0 462997.0 462997.0 476681.0 476681.0 476681.0 476681.0 476681.0 476681.0 476681.0 476681.0 476681.0 476681.0 476681.0 476681.0 476681.0 476681.0 476681.0 476681.0 476681.0 476681.0 476681.0 476681.0 476681.0 476681.0 476681.0 476681.0 476681.0 479437.0 479437.0 479437.0 479437.0 479437.0 479437.0
370136.0 406834.0 406834.0 406834.0 406834.0 406834.0 440511.0 440511.0 440511.0 442481.0 442481.0 442481.0 442481.0 442481.0 442481.0 455335.0 455335.0 455335.0 455335.0 455335.0 455335.0 455335.0 455335.0 455335.0 455335.0 455335.0 455335.0 455335.0 455335.0 455335.0 455335.0 455335.0 455335.0 455335.0 455335.0 455335.0 455335.0 455335.0 455335.0 455335.0 455335.0 455335.0 455335.0 455335.0 455335.0 455335.0 455335.0 455335.0 455335.0 455335.0
273269.0 369352.0 369352.0 372146.0 372146.0 400893.0 413654.0 413654.0 413654.0 413654.0 413654.0 413654.0 414694.0 414694.0 414694.0 414694.0 442051.0 442051.0 442051.0 442051.0 442051.0 442051.0 442051.0 442051.0 442051.0 442051.0 442051.0 442051.0 442051.0 442051.0 442051.0 442051.0 442051.0 442051.0 442051.0 442051.0 442051.0 442051.0 442051.0 442051.0 442051.0 442051.0 442051.0 442051.0 442051.0 442051.0 442051.0 442051.0 442051.0 442051.0
200970.0 322717.0 336069.0 345595.0 349271.0 349271.0 349271.0 389710.0 389710.0 389710.0 389710.0 392198.0 392198.0 392198.0 392198.0 392198.0 392198.0 392198.0 392198.0 392198.0 392198.0 392198.0 392198.0 392198.0 392198.0 392198.0 392198.0 392198.0 392198.0 392198.0 392198.0 392198.0 392198.0 392198.0 392198.0 392198.0 392198.0 392198.0 392198.0 392198.0 392198.0 392198.0 392198.0 392198.0 392198.0 392198.0 392198.0 392198.0 392198.0 392198.0
-1.0999999999999999e+21 320235.0 365233.0 365233.0 385163.0 385163.0 385163.0 385163.0 385163.0 385163.0 385163.0 385163.0 385163.0 388749.0 413380.0 413380.0 413380.0 415213.0 415213.0 415213.0 415213.0 415213.0 415213.0 415213.0 415213.0 415213.0 415213.0 415213.0 415213.0 415213.0 415213.0 415213.0 415213.0 415213.0 415213.0 415213.0 415213.0 415213.0 415213.0 415213.0 415213.0 415213.0 415213.0 415213.0 415213.0 415213.0 415213.0 415213.0 415213.0 415213.0
-4.4e+21 293784.0 299279.0 377412.0 377412.0 377412.0 377412.0 377412.0 377412.0 377412.0 377412.0 408113.0 408113.0 421561.0 421561.0 421561.0 421561.0 430172.0 430172.0 430172.0 430172.0 430172.0 430172.0 430172.0 430172.0 430172.0 430172.0 430172.0 430172.0 430172.0 448634.0 448634.0 448634.0 448634.0 448634.0 448634.0 448634.0 448634.0 448634.0 448634.0 448634.0 448634.0 448634.0 448634.0 448634.0 448634.0 448634.0 448634.0 448634.0 448634.0
-1.62e+22 269930.0 329327.0 329327.0 401748.0 432445.0 432445.0 432445.0 432445.0 432445.0 432445.0 432445.0 432445.0 432445.0 432445.0 432445.0 432445.0 432445.0 432445.0 432445.0 432445.0 432445.0 432445.0 432445.0 432445.0 432445.0 432445.0 446047.0 446047.0 446047.0 446047.0 446047.0 446047.0 446047.0 446047.0 446047.0 446047.0 446047.0 446047.0 446047.0 446047.0 446047.0 446047.0 446047.0 446047.0 446047.0 446047.0 446047.0 446047.0 446047.0
-2.0999999999999997e+21 333285.0 381032.0 381032.0 381032.0 393786.0 393786.0 393786.0 393786.0 403210.0 403210.0 403210.0 403210.0 403210.0 403210.0 403210.0 403210.0 403210.0 409514.0 409514.0 409514.0 409514.0 409514.0 418259.0 418259.0 418259.0 418259.0 418259.0 418259.0 418259.0 418259.0 418259.0 418259.0 418259.0 418259.0 418259.0 418259.0 418259.0 418259.0 418259.0 418259.0 418259.0 418259.0 418259.0 418259.0 418259.0 418259.0 418259.0 418259.0 418259.0
154714.0 296690.0 379798.0 379798.0 379798.0 379798.0 379798.0 379798.0 379798.0 379798.0 379798.0 399840.0 402973.0 402973.0 402973.0 402973.0 402973.0 402973.0 402973.0 402973.0 402973.0 402973.0 402973.0 402973.0 402973.0 402973.0 402973.0 407055.0 407055.0 407055.0 407055.0 407055.0 407055.0 407055.0 407055.0 407055.0 407055.0 407055.0 407055.0 424516.0 424516.0 424516.0 424516.0 424516.0 424516.0 424516.0 424516.0 424516.0 424516.0 424516.0
-1.35e+22 355193.0 379255.0 379255.0 379255.0 419856.0 434415.0 434415.0 468058.0 468058.0 468058.0 468058.0 468058.0 468058.0 468058.0 468058.0 487934.0 487934.0 487934.0 487934.0 487934.0 487934.0 487934.0 487934.0 487934.0 487934.0 487934.0 487934.0 487934.0 487934.0 487934.0 487934.0 487934.0 487934.0 501252.0 501252.0 501252.0 501252.0 501252.0 501252.0 501252.0 501252.0 501252.0 501252.0 501252.0 501252.0 501252.0 501252.0 501252.0 501252.0
272143.0 375052.0 425998.0 425998.0 425998.0 425998.0 425998.0 425998.0 459951.0 459951.0 459951.0 459951.0 459951.0 459951.0 459951.0 459951.0 459951.0 459951.0 459951.0 459951.0 459951.0 459951.0 459951.0 480588.0 480588.0 480588.0 480588.0 480588.0 480588.0 480588.0 480588.0 480588.0 480588.0 480588.0 480588.0 480588.0 480588.0 480588.0 480588.0 480588.0 480588.0 480588.0 480588.0 480588.0 480588.0 480588.0 480588.0 480588.0 480588.0 480588.0
287122.0 287122.0 343231.0 343231.0 379512.0 379512.0 379512.0 393012.0 393012.0 393012.0 393012.0 393012.0 393749.0 393749.0 393749.0 393749.0 404109.0 404109.0 404109.0 404109.0 404109.0 404109.0 404109.0 404109.0 404109.0 426383.0 426383.0 426383.0 426383.0 426383.0 426383.0 426383.0 426383.0 426383.0 426383.0 426383.0 426383.0 426383.0 426383.0 426383.0 426383.0 426383.0 426383.0 426383.0 426383.0 426383.0 426383.0 426383.0 426383.0 426383.0
-2.7e+21 229604.0 309994.0 309994.0 348585.0 348585.0 348585.0 365659.0 365659.0 396504.0 396504.0 396504.0 396504.0 396504.0 396504.0 396504.0 396504.0 396504.0 396504.0 396504.0 396504.0 396504.0 396504.0 396504.0 396504.0 396504.0 396504.0 396504.0 396504.0 396504.0 396504.0 396504.0 396504.0 396504.0 396504.0 396504.0 396504.0 396504.0 396504.0 396504.0 396504.0 396504.0 396504.0 396504.0 396504.0 396504.0 396504.0 396504.0 396504.0 396504.0
253983.0 278015.0 286868.0 292280.0 327688.0 327688.0 361281.0 361327.0 365261.0 478392.0 478392.0 478392.0 478392.0 478392.0 478392.0 478392.0 478392.0 478392.0 478392.0 478392.0 478392.0 478392.0 478392.0 478392.0 478392.0 478392.0 478392.0 478392.0 478392.0 478392.0 478392.0 478392.0 478392.0 478392.0 478392.0 478392.0 478392.0 478392.0 478392.0 478392.0 478392.0 478392.0 478392.0 478392.0 478392.0 478392.0 478392.0 478392.0 478392.0 478392.0
-1.0999999999999999e+21 279245.0 279245.0 299938.0 323527.0 323527.0 333690.0 333690.0 340440.0 340440.0 355850.0 355850.0 355850.0 355850.0 355850.0 355850.0 355850.0 355850.0 355850.0 355850.0 355850.0 355850.0 357615.0 357615.0 364623.0 364623.0 364623.0 364623.0 364623.0 364623.0 364623.0 364623.0 364623.0 364623.0 383549.0 383549.0 383549.0 423220.0 423220.0 423220.0 423220.0 423220.0 423220.0 423220.0 423220.0 423220.0 423220.0 423220.0 423220.0 423220.0
217696.0 336568.0 361821.0 408172.0 408172.0 408172.0 408172.0 408731.0 408731.0 408731.0 408731.0 408731.0 408731.0 458480.0 458480.0 458480.0 458480.0 458480.0 458480.0 458480.0 458480.0 458480.0 458480.0 458480.0 458480.0 458480.0 458480.0 458480.0 458480.0 458480.0 458480.0 458480.0 458480.0 458480.0 458480.0 458480.0 458480.0 458480.0 458480.0 458480.0 458480.0 458480.0 458480.0 458480.0 458480.0 458480.0 458480.0 458480.0 458480.0 458480.0
216400.0 216400.0 282714.0 300762.0 342765.0 342765.0 342765.0 352264.0 387676.0 418598.0 418598.0 418598.0 418598.0 418598.0 418598.0 424938.0 424938.0 424938.0 424938.0 424938.0 424938.0 424938.0 424938.0 424938.0 424938.0 424938.0 424938.0 424938.0 424938.0 424938.0 424938.0 424938.0 424938.0 424938.0 424938.0 424938.0 424938.0 424938.0 424938.0 424938.0 424938.0 424938.0 424938.0 424938.0 424938.0 424938.0 424938.0 424938.0 424938.0 424938.0
181326.0 254495.0 409453.0 423650.0 439879.0 439879.0 439879.0 447137.0 447137.0 447137.0 447137.0 447137.0 447137.0 447137.0 447137.0 447137.0 447137.0 447137.0 447137.0 447137.0 447137.0 447137.0 447137.0 447137.0 447137.0 447137.0 447137.0 447137.0 447137.0 447137.0 447137.0 447137.0 447137.0 447137.0 447137.0 447137.0 447137.0 447137.0 447137.0 447137.0 447137.0 447137.0 447137.0 447137.0 447137.0 447137.0 447137.0 447137.0 447137.0 447137.0
-7.6e+21 388939.0 388939.0 388939.0 388939.0 435578.0 435578.0 435578.0 435578.0 435578.0 435578.0 435578.0 435578.0 435578.0 435578.0 435578.0 435578.0 435578.0 435578.0 435578.0 435578.0 435578.0 435578.0 435578.0 435578.0 449691.0 449691.0 449691.0 449691.0 449691.0 449691.0 449691.0 449691.0 449691.0 449691.0 449691.0 449691.0 449691.0 449691.0 449691.0 449691.0 449691.0 449691.0 449691.0 449691.0 449691.0 449691.0 449691.0 449691.0 449691.0
261646.0 286782.0 349932.0 349932.0 349932.0 349932.0 349932.0 349932.0 375419.0 375419.0 375419.0 375419.0 375419.0 375419.0 375419.0 389080.0 389080.0 412357.0 412357.0 412357.0 412357.0 412357.0 412357.0 451294.0 451294.0 451294.0 451294.0 451294.0 451294.0 451294.0 451294.0 451294.0 451294.0 451294.0 451294.0 451294.0 451294.0 451294.0 451294.0 451294.0 451294.0 451294.0 451294.0 451294.0 451294.0 451294.0 451294.0 451294.0 451294.0 451294.0
