PSO Results:
-3.92e+22 -1.6999999999999997e+21 168481.0 226842.0 226842.0 226842.0 226842.0 226842.0 226842.0 226842.0 249900.0 249900.0 249900.0 249900.0 249900.0 249900.0 249900.0 249900.0 249900.0 249900.0 260287.0 260287.0 260287.0 260287.0 260287.0 260287.0 260287.0 260287.0 260287.0 260287.0 260287.0 260287.0 260287.0 260287.0 260287.0 260287.0 260287.0 260287.0 367701.0 367701.0 367701.0 367701.0 367701.0 367701.0 367701.0 367701.0 367701.0 367701.0 367701.0 367701.0
-3.32e+22 -3.2e+21 278564.0 278564.0 278564.0 278564.0 278564.0 278564.0 336675.0 336675.0 336675.0 336675.0 336675.0 336675.0 336675.0 336675.0 336675.0 336675.0 336675.0 336675.0 336675.0 336675.0 336675.0 336675.0 336675.0 336675.0 336675.0 336675.0 336675.0 336675.0 336675.0 336675.0 336675.0 336675.0 336675.0 336675.0 336675.0 336675.0 336675.0 336675.0 336675.0 336675.0 336675.0 336675.0 336675.0 336675.0 336675.0 336675.0 336675.0 336675.0
-4.55e+22 -2.16e+22 -1.21e+22 -4.6999999999999995e+21 -1.4999999999999997e+21 -1.4999999999999997e+21 -1.4999999999999997e+21 -1.4999999999999997e+21 185770.0 185770.0 256166.0 256166.0 256166.0 256166.0 256166.0 256166.0 256166.0 256166.0 256166.0 256166.0 256166.0 256166.0 256166.0 256166.0 256166.0 256166.0 256166.0 256166.0 256166.0 256166.0 256166.0 256166.0 256166.0 256166.0 256166.0 256166.0 256166.0 256166.0 256166.0 256166.0 256166.0 256166.0 256166.0 256166.0 256166.0 256166.0 256166.0 256166.0 256166.0 256166.0
-1.22e+22 135256.0 210472.0 215765.0 215765.0 215765.0 215765.0 215765.0 215765.0 253757.0 253757.0 253757.0 303516.0 303516.0 303516.0 303516.0 303516.0 303516.0 303516.0 303516.0 303516.0 303516.0 303516.0 303516.0 303516.0 303516.0 303516.0 303516.0 303516.0 303516.0 303516.0 303516.0 303516.0 303516.0 303516.0 303516.0 303516.0 303516.0 303516.0 303516.0 303516.0 303516.0 303516.0 303516.0 303516.0 303516.0 303516.0 303516.0 303516.0 303516.0
-2.97e+22 -8.3e+21 -3e+21 -3e+21 -3e+21 -1.0999999999999997e+21 239968.0 272876.0 272876.0 272876.0 272876.0 272876.0 272876.0 272876.0 272876.0 272876.0 272876.0 272876.0 272876.0 272876.0 272876.0 272876.0 272876.0 272876.0 272876.0 272876.0 272876.0 272876.0 272876.0 272876.0 272876.0 272876.0 272876.0 272876.0 272876.0 272876.0 272876.0 272876.0 272876.0 272876.0 272876.0 272876.0 272876.0 272876.0 272876.0 272876.0 272876.0 272876.0 272876.0 272876.0
-3.59e+22 -1.02e+22 -9e+21 208414.0 208414.0 208414.0 208414.0 208414.0 208414.0 208414.0 208414.0 208414.0 208414.0 208414.0 208414.0 208414.0 208414.0 208414.0 269265.0 396080.0 396080.0 396080.0 396080.0 396080.0 396080.0 396080.0 396080.0 396080.0 396080.0 396080.0 396080.0 396080.0 396080.0 396080.0 396080.0 396080.0 396080.0 396080.0 396080.0 396080.0 396080.0 396080.0 396080.0 396080.0 396080.0 396080.0 396080.0 396080.0 396080.0 396080.0
-3.89e+22 -1.8e+22 -5.4e+21 -1.1999999999999997e+21 -1.1999999999999997e+21 -1.1999999999999997e+21 -8.999999999999997e+20 -8.999999999999997e+20 176049.0 176049.0 176049.0 176049.0 176049.0 176049.0 208344.0 208344.0 208344.0 208344.0 208344.0 208344.0 208344.0 208344.0 208344.0 208344.0 208344.0 208344.0 208344.0 208344.0 208344.0 208344.0 208344.0 208344.0 208344.0 208344.0 208344.0 208344.0 208344.0 208344.0 208344.0 208344.0 208344.0 208344.0 208344.0 208344.0 208344.0 208344.0 208344.0 208344.0 208344.0 208344.0
-1.1e+22 -1.1e+22 -1.9999999999999997e+21 200887.0 284590.0 284590.0 284590.0 284590.0 284590.0 284590.0 284590.0 284590.0 284590.0 284590.0 284590.0 284590.0 284590.0 284590.0 284590.0 284590.0 284590.0 284590.0 284590.0 284590.0 284590.0 284590.0 284590.0 284590.0 284590.0 284590.0 284590.0 284590.0 284590.0 284590.0 284590.0 284590.0 284590.0 284590.0 284590.0 284590.0 284590.0 284590.0 284590.0 284590.0 284590.0 284590.0 284590.0 284590.0 284590.0 284590.0
-4.17e+22 -1.35e+22 -9e+21 -3.1e+21 -3.1e+21 -3.1e+21 -3.1e+21 160677.0 160677.0 160677.0 160677.0 160677.0 333178.0 333178.0 333178.0 333178.0 333178.0 333178.0 333178.0 333178.0 333178.0 333178.0 333178.0 333178.0 333178.0 333178.0 333178.0 333178.0 333178.0 333178.0 333178.0 333178.0 333178.0 333178.0 333178.0 333178.0 333178.0 333178.0 333178.0 333178.0 333178.0 333178.0 333178.0 333178.0 333178.0 333178.0 333178.0 333178.0 333178.0 333178.0
-2.35e+22 -1.64e+22 -8.9e+21 -8.9e+21 215358.0 215358.0 215358.0 285864.0 285864.0 285864.0 285864.0 285864.0 285864.0 285864.0 285864.0 285864.0 285864.0 285864.0 285864.0 372247.0 372247.0 372247.0 372247.0 372247.0 372247.0 372247.0 372247.0 372247.0 372247.0 372247.0 372247.0 372247.0 372247.0 372247.0 372247.0 372247.0 372247.0 372247.0 372247.0 372247.0 372247.0 372247.0 372247.0 372247.0 372247.0 372247.0 372247.0 372247.0 372247.0 372247.0
-3.04e+22 -1.48e+22 -4.1999999999999995e+21 -3.4999999999999995e+21 -3.4999999999999995e+21 -3.9999999999999974e+20 -3.9999999999999974e+20 301174.0 301174.0 301174.0 301174.0 301174.0 301174.0 301174.0 301174.0 301174.0 301174.0 301174.0 301174.0 301174.0 301174.0 301174.0 301174.0 301174.0 301174.0 301174.0 301174.0 301174.0 301174.0 301174.0 301174.0 301174.0 301174.0 301174.0 301174.0 301174.0 301174.0 301174.0 301174.0 301174.0 301174.0 301174.0 301174.0 301174.0 301174.0 302788.0 302788.0 302788.0 302788.0 302788.0
-1.06e+22 -4.4e+21 -4.4e+21 284899.0 306816.0 311476.0 311476.0 311476.0 311476.0 311476.0 311476.0 311476.0 311476.0 311476.0 311476.0 311476.0 311476.0 311476.0 311476.0 311476.0 311476.0 311476.0 311476.0 311476.0 311476.0 311476.0 311476.0 311476.0 311476.0 311476.0 311476.0 311476.0 311476.0 311476.0 311476.0 311476.0 311476.0 311476.0 311476.0 311476.0 311476.0 311476.0 311476.0 311476.0 311476.0 311476.0 311476.0 311476.0 311476.0 311476.0
-3.32e+22 -8.999999999999999e+20 -6.999999999999999e+20 -6.999999999999999e+20 235215.0 235215.0 235215.0 235215.0 235215.0 235215.0 235215.0 235215.0 235215.0 235215.0 235215.0 235215.0 235215.0 240302.0 240302.0 240302.0 240302.0 240302.0 240302.0 240302.0 240302.0 240302.0 240302.0 240302.0 240302.0 240302.0 240302.0 240302.0 240302.0 240302.0 240302.0 240302.0 240302.0 240302.0 240302.0 240302.0 240302.0 240302.0 240302.0 240302.0 240302.0 240302.0 240302.0 240302.0 240302.0 240302.0
-2.58e+22 -1.53e+22 -2.4e+21 -1.6999999999999997e+21 -1.6999999999999997e+21 -1.6999999999999997e+21 -1.6999999999999997e+21 -1.6999999999999997e+21 -1.6999999999999997e+21 -1.6999999999999997e+21 -1.6999999999999997e+21 -1.6999999999999997e+21 -1.6999999999999997e+21 -1.6999999999999997e+21 -1.6999999999999997e+21 -4.999999999999998e+20 -4.999999999999998e+20 -4.999999999999998e+20 -4.999999999999998e+20 -4.999999999999998e+20 -4.999999999999998e+20 -4.999999999999998e+20 -4.999999999999998e+20 -4.999999999999998e+20 -4.999999999999998e+20 -4.999999999999998e+20 -4.999999999999998e+20 -4.999999999999998e+20 -4.999999999999998e+20 -4.999999999999998e+20 -4.999999999999998e+20 -4.999999999999998e+20 -4.999999999999998e+20 -4.999999999999998e+20 -4.999999999999998e+20 -4.999999999999998e+20 -4.999999999999998e+20 -4.999999999999998e+20 -4.999999999999998e+20 -4.999999999999998e+20 -4.999999999999998e+20 -4.999999999999998e+20 -4.999999999999998e+20 -4.999999999999998e+20 -4.999999999999998e+20 -4.999999999999998e+20 -4.999999999999998e+20 -4.999999999999998e+20 -4.999999999999998e+20 -4.999999999999998e+20
-1.39e+22 319453.0 319453.0 319453.0 319453.0 319453.0 319453.0 319453.0 319453.0 319453.0 319453.0 319453.0 319453.0 319453.0 319453.0 319453.0 319453.0 319453.0 319453.0 319453.0 319453.0 319453.0 319453.0 319453.0 319453.0 319453.0 319453.0 319453.0 319453.0 319453.0 319453.0 319453.0 319453.0 319453.0 319453.0 319453.0 319453.0 319453.0 319453.0 319453.0 319453.0 319453.0 319453.0 319453.0 319453.0 319453.0 319453.0 319453.0 319453.0 319453.0
-4.24e+22 -8.6e+21 -3.2999999999999995e+21 -3.2999999999999995e+21 -3.2999999999999995e+21 -4.9999999999999974e+20 265179.0 265179.0 265179.0 365678.0 365678.0 365678.0 365678.0 365678.0 365678.0 365678.0 365678.0 365678.0 365678.0 365678.0 365678.0 365678.0 365678.0 365678.0 365678.0 365678.0 365678.0 365678.0 365678.0 365678.0 365678.0 365678.0 365678.0 365678.0 365678.0 365678.0 365678.0 365678.0 365678.0 365678.0 365678.0 365678.0 365678.0 365678.0 365678.0 365678.0 365678.0 365678.0 365678.0 365678.0
-3.07e+22 214953.0 214953.0 244678.0 244678.0 244678.0 244678.0 244678.0 244678.0 244678.0 244678.0 244678.0 244678.0 354687.0 354687.0 379571.0 379571.0 379571.0 379571.0 379571.0 379571.0 379571.0 379571.0 379571.0 379571.0 379571.0 379571.0 379571.0 379571.0 379571.0 379571.0 379571.0 379571.0 379571.0 379571.0 379571.0 379571.0 379571.0 379571.0 379571.0 379571.0 379571.0 379571.0 379571.0 379571.0 379571.0 379571.0 379571.0 379571.0 379571.0
-1.45e+22 -1.45e+22 166974.0 166974.0 166974.0 166974.0 211972.0 211972.0 211972.0 231373.0 231373.0 271189.0 342049.0 342049.0 342049.0 342049.0 342049.0 342049.0 342049.0 342049.0 342049.0 342049.0 342049.0 342049.0 342049.0 342049.0 342049.0 342049.0 342049.0 342049.0 342049.0 342049.0 342049.0 342049.0 342049.0 342049.0 342049.0 342049.0 342049.0 342049.0 342049.0 342049.0 342049.0 342049.0 342049.0 342049.0 342049.0 342049.0 342049.0 342049.0
-2.71e+22 -5.9e+21 -5.9e+21 -5.9e+21 -5.9e+21 -5.9e+21 301050.0 301050.0 301050.0 301050.0 301050.0 301050.0 301050.0 301050.0 301050.0 301050.0 301050.0 301050.0 301050.0 301050.0 301050.0 301050.0 301050.0 301050.0 301050.0 301050.0 301050.0 301050.0 301050.0 301050.0 301050.0 301050.0 301050.0 301050.0 301050.0 301050.0 301050.0 301050.0 301050.0 301050.0 301050.0 301050.0 301050.0 301050.0 301050.0 301050.0 301050.0 301050.0 301050.0 301050.0
-1.22e+22 -5.4e+21 -5.4e+21 -5.4e+21 -7.999999999999997e+20 -7.999999999999997e+20 -7.999999999999997e+20 -7.999999999999997e+20 -7.999999999999997e+20 -7.999999999999997e+20 -7.999999999999997e+20 -7.999999999999997e+20 -7.999999999999997e+20 -7.999999999999997e+20 -7.999999999999997e+20 -7.999999999999997e+20 -7.999999999999997e+20 -7.999999999999997e+20 -7.999999999999997e+20 -7.999999999999997e+20 190187.0 190187.0 338889.0 338889.0 338889.0 338889.0 338889.0 338889.0 338889.0 338889.0 338889.0 338889.0 338889.0 338889.0 338889.0 338889.0 338889.0 338889.0 338889.0 338889.0 338889.0 338889.0 338889.0 338889.0 338889.0 338889.0 338889.0 338889.0 338889.0 338889.0
-4e+22 -1.53e+22 159601.0 159601.0 159601.0 159601.0 159601.0 159601.0 159601.0 159601.0 159601.0 159601.0 159601.0 159601.0 159601.0 159601.0 159601.0 159601.0 159601.0 159601.0 159601.0 159601.0 159601.0 159601.0 159601.0 159601.0 159601.0 159601.0 159601.0 159601.0 159601.0 159601.0 159601.0 159601.0 159601.0 159601.0 159601.0 159601.0 159601.0 159601.0 159601.0 159601.0 159601.0 159601.0 159601.0 159601.0 159601.0 159601.0 159601.0 159601.0
-3.28e+22 -1.03e+22 -9.1e+21 -6.3e+21 -2.6e+21 -2.0999999999999997e+21 -2.0999999999999997e+21 -2.0999999999999997e+21 -2.0999999999999997e+21 -7.999999999999997e+20 -7.999999999999997e+20 -7.999999999999997e+20 -7.999999999999997e+20 -7.999999999999997e+20 -7.999999999999997e+20 -7.999999999999997e+20 -7.999999999999997e+20 278440.0 278440.0 278440.0 278440.0 278440.0 278440.0 278440.0 278440.0 278440.0 278440.0 278440.0 278440.0 278440.0 278440.0 278440.0 278440.0 278440.0 278440.0 278440.0 278440.0 278440.0 278440.0 278440.0 278440.0 278440.0 278440.0 278440.0 278440.0 278440.0 278440.0 278440.0 278440.0 278440.0
-2.82e+22 -1.03e+22 -7.1e+21 204201.0 204201.0 239162.0 239162.0 239162.0 239162.0 239162.0 239162.0 239162.0 239162.0 239162.0 239162.0 239162.0 239162.0 239162.0 239162.0 239162.0 239162.0 239162.0 239162.0 239162.0 239162.0 239162.0 239162.0 239162.0 239162.0 239162.0 239162.0 239162.0 239162.0 239162.0 239162.0 239162.0 239162.0 239162.0 239162.0 239162.0 239162.0 239162.0 239162.0 239162.0 239162.0 239162.0 239162.0 239162.0 239162.0 239162.0
-3.56e+22 -1.43e+22 -1.9999999999999997e+21 297871.0 328390.0 328390.0 328390.0 328390.0 328390.0 328390.0 328390.0 328390.0 328390.0 328390.0 328390.0 328390.0 328390.0 328390.0 328390.0 328390.0 328390.0 328390.0 328390.0 328390.0 328390.0 328390.0 328390.0 328390.0 328390.0 328390.0 328390.0 328390.0 328390.0 328390.0 328390.0 328390.0 328390.0 328390.0 328390.0 328390.0 328390.0 328390.0 328390.0 328390.0 328390.0 328390.0 328390.0 328390.0 328390.0 328390.0
-4.13e+22 -7.9e+21 -3.9999999999999995e+21 -3.9999999999999995e+21 192268.0 192268.0 192268.0 192268.0 192268.0 192268.0 192268.0 192268.0 192268.0 214991.0 214991.0 214991.0 214991.0 214991.0 214991.0 214991.0 214991.0 214991.0 214991.0 214991.0 214991.0 214991.0 214991.0 214991.0 214991.0 214991.0 214991.0 214991.0 214991.0 214991.0 214991.0 214991.0 214991.0 214991.0 214991.0 214991.0 214991.0 214991.0 214991.0 214991.0 214991.0 214991.0 214991.0 214991.0 214991.0 214991.0
-1.67e+22 250790.0 250790.0 250790.0 250790.0 340694.0 340694.0 340694.0 340694.0 340694.0 340694.0 340694.0 340694.0 340694.0 340694.0 340694.0 340694.0 340694.0 340694.0 340694.0 340694.0 340694.0 340694.0 340694.0 340694.0 340694.0 340694.0 340694.0 340694.0 340694.0 340694.0 340694.0 340694.0 340694.0 340694.0 340694.0 340694.0 340694.0 340694.0 340694.0 340694.0 340694.0 340694.0 340694.0 340694.0 340694.0 340694.0 340694.0 340694.0 340694.0
-4.18e+22 -4.0999999999999995e+21 -8.999999999999997e+20 -8.999999999999997e+20 155071.0 155071.0 155071.0 214230.0 247998.0 247998.0 247998.0 247998.0 247998.0 247998.0 247998.0 247998.0 247998.0 247998.0 247998.0 247998.0 247998.0 247998.0 247998.0 247998.0 247998.0 247998.0 247998.0 247998.0 247998.0 247998.0 247998.0 247998.0 247998.0 247998.0 247998.0 247998.0 247998.0 247998.0 247998.0 247998.0 247998.0 247998.0 247998.0 247998.0 247998.0 247998.0 247998.0 247998.0 247998.0 247998.0
-1.53e+22 -6.4e+21 -6.4e+21 -4.1999999999999995e+21 -4.1999999999999995e+21 -4.1999999999999995e+21 -4.1999999999999995e+21 -4.1999999999999995e+21 -4.1999999999999995e+21 -4.1999999999999995e+21 -4.1999999999999995e+21 -4.1999999999999995e+21 -4.1999999999999995e+21 -4.1999999999999995e+21 -4.1999999999999995e+21 -4.1999999999999995e+21 -4.1999999999999995e+21 -4.1999999999999995e+21 -2.3999999999999995e+21 -2.3999999999999995e+21 -2.3999999999999995e+21 -2.3999999999999995e+21 -2.3999999999999995e+21 -2.3999999999999995e+21 -2.3999999999999995e+21 -2.3999999999999995e+21 -2.3999999999999995e+21 -2.3999999999999995e+21 -2.3999999999999995e+21 -2.3999999999999995e+21 -2.3999999999999995e+21 -2.3999999999999995e+21 -2.3999999999999995e+21 -2.3999999999999995e+21 -2.3999999999999995e+21 -2.3999999999999995e+21 -2.3999999999999995e+21 -2.3999999999999995e+21 -2.3999999999999995e+21 -2.3999999999999995e+21 -2.3999999999999995e+21 -2.3999999999999995e+21 -2.3999999999999995e+21 -2.3999999999999995e+21 -2.3999999999999995e+21 -2.3999999999999995e+21 -2.3999999999999995e+21 -2.3999999999999995e+21 -2.3999999999999995e+21 -2.3999999999999995e+21
-2.68e+22 -7.5e+21 -7.5e+21 -7.5e+21 305998.0 353401.0 353401.0 375406.0 375406.0 375406.0 375406.0 375406.0 375406.0 375406.0 375406.0 375406.0 375406.0 375406.0 375406.0 375406.0 375406.0 375406.0 375406.0 375406.0 375406.0 375406.0 375406.0 375406.0 375406.0 375406.0 375406.0 375406.0 375406.0 375406.0 375406.0 375406.0 375406.0 375406.0 375406.0 375406.0 375406.0 375406.0 375406.0 375406.0 375406.0 375406.0 375406.0 375406.0 375406.0 375406.0
-1.73e+22 -3.6e+21 -3.6e+21 -9.999999999999997e+20 -9.999999999999997e+20 257200.0 263776.0 263776.0 263776.0 263776.0 263776.0 263776.0 263776.0 263776.0 263776.0 263776.0 263776.0 263776.0 263776.0 263776.0 263776.0 263776.0 263776.0 263776.0 263776.0 263776.0 263776.0 263776.0 263776.0 263776.0 263776.0 263776.0 263776.0 263776.0 263776.0 263776.0 263776.0 263776.0 263776.0 263776.0 263776.0 263776.0 263776.0 263776.0 263776.0 263776.0 263776.0 263776.0 263776.0 263776.0
