PSO Results:
134760.0 137826.0 137826.0 138267.0 138267.0
134708.0 138048.0 138048.0 138048.0 138048.0
134916.0 136398.0 136398.0 137343.0 138608.0
136668.0 136668.0 136668.0 136668.0 136668.0
137537.0 137537.0 137557.0 137557.0 137557.0
136045.0 136045.0 138567.0 139223.0 139223.0
138692.0 138692.0 138692.0 138692.0 138692.0
129811.0 133812.0 137717.0 137717.0 139773.0
136503.0 139878.0 139878.0 139878.0 139878.0
136478.0 138113.0 138113.0 138917.0 139077.0
136603.0 138313.0 138313.0 138313.0 138313.0
129830.0 138388.0 138388.0 138388.0 138388.0
135505.0 137165.0 137215.0 137215.0 137215.0
132622.0 135610.0 137346.0 139958.0 139958.0
137618.0 138058.0 138758.0 138758.0 138758.0
138841.0 139313.0 140768.0 140768.0 140768.0
136058.0 137978.0 137978.0 137978.0 137978.0
140328.0 140328.0 140328.0 140328.0 140328.0
133827.0 137883.0 137883.0 137883.0 137883.0
136137.0 138677.0 138852.0 138852.0 138852.0
138728.0 138728.0 139548.0 139548.0 139548.0
137270.0 138165.0 138165.0 138165.0 138165.0
137527.0 137527.0 137527.0 137527.0 137527.0
137137.0 139497.0 139497.0 139497.0 139497.0
132868.0 135513.0 136293.0 136293.0 139163.0
138862.0 139352.0 139558.0 139597.0 139597.0
140048.0 140048.0 140048.0 141137.0 141137.0
134487.0 139812.0 140543.0 140543.0 140543.0
139101.0 139818.0 139818.0 139818.0 139818.0
136072.0 138718.0 139917.0 139917.0 139917.0

PSO_C Results:
136823.0 137242.0 140313.0 140313.0 140313.0
135767.0 136652.0 140527.0 140527.0 140527.0
136887.0 137503.0 140458.0 140458.0 140458.0
139966.0 139966.0 139966.0 139966.0 140281.0
138147.0 138438.0 139643.0 139643.0 139643.0
138037.0 139128.0 139917.0 139917.0 139917.0
137017.0 139708.0 140033.0 140033.0 140033.0
140348.0 140348.0 140348.0 140458.0 140458.0
139403.0 139888.0 139888.0 139888.0 139888.0
137855.0 140458.0 140607.0 140607.0 140607.0
139241.0 139566.0 139838.0 140317.0 140317.0
136008.0 138172.0 139367.0 139367.0 139367.0
138170.0 139236.0 139236.0 140297.0 140297.0
139493.0 139928.0 140148.0 140148.0 140148.0
138203.0 139223.0 139888.0 140218.0 140218.0
139783.0 140297.0 140297.0 140297.0 140297.0
138137.0 141247.0 141247.0 141247.0 141247.0
137607.0 139812.0 139922.0 139922.0 139922.0
138857.0 138857.0 139388.0 139388.0 139388.0
140988.0 141278.0 141278.0 141278.0 141278.0
138966.0 140108.0 140618.0 140618.0 140618.0
138037.0 139543.0 139983.0 139983.0 139983.0
139566.0 139566.0 139566.0 139566.0 139566.0
139402.0 139402.0 139668.0 141258.0 141258.0
137383.0 139902.0 140263.0 140263.0 140263.0
135686.0 137351.0 137540.0 138095.0 138095.0
137297.0 138575.0 139918.0 139918.0 139918.0
138765.0 138765.0 139435.0 139435.0 139435.0
136377.0 138888.0 139563.0 139563.0 139563.0
137686.0 139016.0 139016.0 139446.0 139446.0

GA Results:
137298.0 139873.0 140532.0 140607.0 140607.0
136453.0 140333.0 140786.0 140786.0 140786.0
138608.0 141168.0 141168.0 141278.0 141278.0
137382.0 140317.0 140527.0 140527.0 140527.0
137723.0 140108.0 140618.0 140618.0 140618.0
140297.0 140423.0 140423.0 140423.0 140423.0
139497.0 139888.0 140317.0 140317.0 140317.0
135500.0 140412.0 140778.0 140778.0 141278.0
133253.0 139618.0 140768.0 141258.0 141258.0
136958.0 141098.0 141098.0 141247.0 141247.0
129955.0 139648.0 141098.0 141148.0 141258.0
136830.0 139673.0 139998.0 140778.0 140778.0
137288.0 139933.0 140543.0 140543.0 140543.0
135961.0 139713.0 140532.0 140532.0 140532.0
139008.0 139917.0 141258.0 141278.0 141278.0
136335.0 139302.0 140508.0 140508.0 140618.0
131659.0 140527.0 140527.0 140527.0 140527.0
138098.0 140207.0 140988.0 141098.0 141098.0
134927.0 139873.0 141137.0 141247.0 141247.0
137783.0 139318.0 141168.0 141278.0 141278.0
135827.0 139888.0 141148.0 141148.0 141278.0
137823.0 141278.0 141278.0 141278.0 141278.0
134173.0 138818.0 140218.0 140328.0 140328.0
137367.0 139278.0 140778.0 140778.0 140778.0
137087.0 140607.0 141247.0 141247.0 141247.0
138998.0 140143.0 141168.0 141168.0 141168.0
137597.0 139623.0 140568.0 140568.0 140568.0
138047.0 139008.0 140618.0 140668.0 140778.0
139513.0 141278.0 141278.0 141278.0 141278.0
138998.0 140568.0 140618.0 140618.0 140618.0

GA_LS Results:
134847.0 138977.0 139297.0 139697.0 139697.0
137872.0 139948.0 140458.0 141278.0 141278.0
131722.0 140258.0 140423.0 140477.0 140477.0
138828.0 140328.0 140407.0 140477.0 140477.0
139398.0 140423.0 141278.0 141278.0 141278.0
138095.0 139645.0 140407.0 140477.0 140477.0
136912.0 138673.0 140407.0 140477.0 140477.0
133047.0 139508.0 139508.0 139637.0 139637.0
131845.0 140618.0 140618.0 140618.0 140618.0
137158.0 140297.0 140618.0 140618.0 140618.0
132704.0 140218.0 140532.0 140786.0 140786.0
138467.0 140407.0 140532.0 140532.0 140532.0
137872.0 139278.0 140532.0 140532.0 140532.0
135483.0 138582.0 140367.0 140477.0 140477.0
137273.0 140297.0 140477.0 140477.0 140477.0
140108.0 141258.0 141278.0 141278.0 141278.0
136431.0 140137.0 140317.0 140477.0 140477.0
139148.0 139556.0 140391.0 140391.0 140391.0
138076.0 140618.0 140618.0 140618.0 140618.0
138398.0 140058.0 141168.0 141278.0 141278.0
136178.0 140328.0 140407.0 140477.0 140477.0
139118.0 139873.0 140543.0 140543.0 140543.0
136342.0 139823.0 140458.0 140618.0 140618.0
133247.0 139933.0 139972.0 139972.0 139972.0
138552.0 140317.0 140477.0 140618.0 140618.0
138568.0 140068.0 140568.0 140618.0 140618.0
136037.0 140497.0 140607.0 140618.0 140618.0
138323.0 139823.0 140538.0 140543.0 140543.0
136851.0 140297.0 140618.0 140618.0 140618.0
139778.0 141098.0 141098.0 141247.0 141278.0

BDPSO-M Results:
136203.0 139598.0 140033.0 140033.0 140313.0
138383.0 140313.0 140313.0 140313.0 140313.0
137373.0 137757.0 137757.0 140568.0 140568.0
136150.0 138090.0 138655.0 138655.0 138655.0
137498.0 137498.0 139118.0 139118.0 139118.0
137783.0 139917.0 140108.0 140108.0 140108.0
137391.0 137896.0 137936.0 137936.0 138208.0
138241.0 139547.0 139547.0 139547.0 139547.0
137508.0 138977.0 141137.0 141137.0 141137.0
137483.0 137483.0 137998.0 138757.0 138757.0
136107.0 138043.0 138478.0 138478.0 138478.0
137998.0 138503.0 138503.0 138503.0 138503.0
137642.0 139658.0 139768.0 139888.0 139998.0
136288.0 137443.0 139628.0 139628.0 139773.0
137817.0 138967.0 140477.0 140477.0 140477.0
138943.0 138943.0 140658.0 140658.0 141168.0
137597.0 139487.0 139487.0 139487.0 139487.0
136781.0 137286.0 137406.0 137551.0 138881.0
135550.0 137885.0 137898.0 138377.0 140607.0
137032.0 137368.0 137368.0 138836.0 138836.0
136378.0 138438.0 138438.0 138438.0 138438.0
132676.0 136781.0 138523.0 138523.0 141098.0
137247.0 140328.0 140328.0 140786.0 140786.0
138487.0 139948.0 139948.0 139948.0 139948.0
137573.0 138052.0 138152.0 139718.0 139718.0
138838.0 139668.0 139668.0 139668.0 139668.0
139812.0 139812.0 139838.0 139838.0 139838.0
135181.0 135895.0 137102.0 137102.0 138047.0
135243.0 136448.0 136593.0 136593.0 136632.0
135592.0 139223.0 139273.0 139273.0 139273.0
