GA Results:
-4.34e+22 -3.1e+21 -5.999999999999996e+20 196415.0 358290.0 370480.0 370480.0 426836.0 426836.0 426836.0 431592.0 441677.0 457635.0 457635.0 457635.0 457635.0 457635.0 469475.0 469475.0 469475.0 483370.0 491450.0 491450.0 509293.0 509293.0 523844.0 538704.0 538704.0 538704.0 540889.0 551056.0 551056.0 551056.0 551056.0 553037.0 558571.0 558976.0 562806.0 567758.0 571375.0 574315.0 574315.0 575740.0 576680.0 577047.0 577047.0 577047.0 577047.0 577047.0 578490.0
-2.27e+22 -9.9e+21 252575.0 277770.0 304384.0 368828.0 409003.0 409003.0 419601.0 442261.0 448998.0 460287.0 461926.0 493482.0 496353.0 508605.0 508605.0 510884.0 510884.0 521110.0 521110.0 555624.0 555624.0 555624.0 576483.0 576483.0 576483.0 580201.0 580201.0 585262.0 586697.0 586697.0 589474.0 593305.0 597273.0 600583.0 600583.0 604041.0 604121.0 611726.0 611726.0 611726.0 611726.0 613646.0 614671.0 616371.0 616371.0 616371.0 616371.0 616371.0
-3.3e+22 -5.8e+21 265060.0 265060.0 316266.0 328261.0 392820.0 392820.0 392820.0 413480.0 413480.0 494385.0 494385.0 494385.0 494385.0 494385.0 501429.0 501429.0 531056.0 531056.0 538079.0 538079.0 540255.0 544740.0 548392.0 548392.0 559101.0 559101.0 567932.0 575882.0 575882.0 581082.0 583366.0 588190.0 588190.0 596950.0 603567.0 603567.0 603567.0 609694.0 609694.0 612197.0 612197.0 612197.0 612517.0 612517.0 613642.0 613642.0 613642.0 613642.0
-1.72e+22 -9.3e+21 -4.999999999999998e+20 248186.0 330787.0 367477.0 367477.0 382810.0 406926.0 435720.0 435720.0 435720.0 438103.0 459015.0 494424.0 494424.0 497754.0 497754.0 499240.0 499240.0 499240.0 519384.0 519384.0 519533.0 554656.0 575049.0 575049.0 575049.0 583403.0 584719.0 587747.0 597987.0 598065.0 598065.0 600492.0 600492.0 601900.0 601900.0 603799.0 607517.0 607532.0 610100.0 610661.0 613550.0 613550.0 613550.0 615150.0 615150.0 615150.0 615150.0
-3.91e+22 -1.1e+22 300451.0 353577.0 353577.0 387653.0 390927.0 411396.0 411396.0 431482.0 459335.0 459335.0 459335.0 459335.0 459335.0 459335.0 476116.0 476116.0 482994.0 509516.0 509516.0 509516.0 524497.0 545693.0 545693.0 555244.0 555244.0 575433.0 575433.0 575433.0 585855.0 585855.0 585855.0 592548.0 592548.0 600204.0 600204.0 604183.0 607243.0 610193.0 612558.0 615688.0 615688.0 615688.0 615953.0 615953.0 615953.0 615953.0 615953.0 615953.0
-3.69e+22 -4.2e+21 253412.0 258535.0 300891.0 338705.0 353311.0 393170.0 396518.0 413257.0 423526.0 443504.0 469241.0 484543.0 484543.0 484543.0 484543.0 509089.0 509089.0 509089.0 509089.0 540915.0 540915.0 556606.0 556606.0 556606.0 556606.0 556606.0 564746.0 566851.0 573226.0 581876.0 581876.0 587474.0 598108.0 598108.0 603083.0 603083.0 604916.0 604916.0 605338.0 614368.0 614368.0 616145.0 616145.0 616145.0 616145.0 616145.0 616145.0 616145.0
-2.73e+22 161525.0 260958.0 296099.0 296099.0 296099.0 313224.0 340059.0 436218.0 436218.0 436218.0 436218.0 479409.0 479409.0 502593.0 502593.0 502593.0 502593.0 502593.0 502593.0 541995.0 541995.0 541995.0 542208.0 555043.0 556360.0 562619.0 562619.0 562714.0 566900.0 573280.0 589534.0 589534.0 589534.0 589534.0 595369.0 595689.0 595689.0 595689.0 599415.0 606669.0 609293.0 609293.0 609293.0 609293.0 609293.0 609293.0 609293.0 609293.0 609293.0
-2.83e+22 -7.1e+21 175890.0 284725.0 297127.0 307078.0 382172.0 439495.0 439495.0 439495.0 442757.0 473228.0 473228.0 505742.0 512860.0 512860.0 517757.0 517757.0 517757.0 528675.0 528675.0 550573.0 550573.0 550573.0 550573.0 550573.0 550573.0 550660.0 550660.0 556160.0 556160.0 556160.0 559548.0 559548.0 566354.0 567585.0 573428.0 573428.0 576135.0 576825.0 576825.0 578810.0 578810.0 578810.0 578810.0 578810.0 578810.0 578810.0 578810.0 578810.0
-2.51e+22 -5.7e+21 -1.9999999999999977e+20 282150.0 294230.0 349847.0 369707.0 392423.0 401795.0 430463.0 472016.0 472016.0 491809.0 491809.0 491809.0 491809.0 499198.0 509253.0 510607.0 510607.0 514009.0 529335.0 529335.0 536825.0 536825.0 557555.0 557555.0 557555.0 559004.0 563930.0 568535.0 582073.0 587400.0 587400.0 595437.0 595437.0 597682.0 597682.0 598340.0 601173.0 602158.0 606123.0 609286.0 612340.0 612340.0 613655.0 617615.0 617615.0 617615.0 617615.0
-1.11e+22 286584.0 286584.0 332914.0 332914.0 415857.0 415857.0 433666.0 433666.0 466012.0 466012.0 468900.0 468900.0 468900.0 489326.0 489326.0 491189.0 507971.0 508041.0 508041.0 512131.0 512131.0 520568.0 520568.0 521285.0 528852.0 528852.0 528852.0 531237.0 531237.0 531237.0 546220.0 546220.0 546220.0 558071.0 567390.0 579023.0 579093.0 600952.0 600952.0 606892.0 608772.0 611097.0 611907.0 614175.0 615330.0 615330.0 615330.0 616455.0 616455.0
-3.6e+22 -6.9e+21 102766.0 259625.0 307980.0 376342.0 394998.0 411464.0 411464.0 446529.0 446529.0 451813.0 476631.0 476631.0 500033.0 500033.0 515239.0 515239.0 515239.0 515239.0 515239.0 522182.0 523854.0 536195.0 536195.0 536195.0 536195.0 541164.0 568809.0 568809.0 576967.0 591758.0 591758.0 591758.0 591758.0 591982.0 596431.0 601796.0 609245.0 609245.0 614655.0 616255.0 616255.0 616255.0 616255.0 616255.0 616255.0 616255.0 616255.0 616255.0
-2.33e+22 148091.0 181489.0 249111.0 281207.0 333303.0 333303.0 373738.0 373738.0 374184.0 428459.0 435836.0 457662.0 457662.0 488010.0 519411.0 519411.0 519411.0 521174.0 523556.0 523556.0 546087.0 546087.0 546087.0 546087.0 546087.0 547196.0 566755.0 566755.0 586382.0 586382.0 586382.0 586382.0 586382.0 592143.0 601330.0 601616.0 602156.0 606024.0 608959.0 614459.0 614459.0 614459.0 614459.0 614459.0 614459.0 614459.0 614459.0 614459.0 614459.0
-2.03e+22 -1.05e+22 188782.0 319767.0 387756.0 387756.0 391481.0 391481.0 449356.0 449356.0 455754.0 478675.0 478675.0 478675.0 487271.0 487271.0 487271.0 526695.0 526695.0 526695.0 534333.0 534333.0 534333.0 539548.0 550623.0 550623.0 550623.0 555335.0 556921.0 556921.0 565221.0 579622.0 588214.0 588214.0 588214.0 591944.0 591944.0 594160.0 594160.0 594160.0 594402.0 594402.0 599710.0 599710.0 600190.0 600650.0 605690.0 607260.0 607260.0 607260.0
-2.06e+22 143241.0 297394.0 326203.0 340357.0 387820.0 391188.0 420319.0 420319.0 432084.0 437460.0 449841.0 475248.0 475248.0 475248.0 484696.0 484696.0 500638.0 518675.0 543526.0 551326.0 551326.0 551326.0 563083.0 563083.0 563083.0 563083.0 563083.0 566719.0 586282.0 586282.0 586282.0 586282.0 596299.0 596299.0 596299.0 599804.0 601424.0 608888.0 608978.0 611338.0 615740.0 615740.0 617150.0 618173.0 618540.0 618540.0 618540.0 618540.0 618540.0
-3.36e+22 230213.0 320892.0 367131.0 394004.0 394004.0 394004.0 412293.0 435138.0 457130.0 457130.0 457130.0 458768.0 499504.0 499527.0 499527.0 516361.0 516361.0 516361.0 516361.0 526319.0 526319.0 538037.0 538037.0 540629.0 540629.0 540629.0 544399.0 554204.0 554944.0 554944.0 559294.0 559294.0 563478.0 566729.0 574019.0 577774.0 577774.0 581235.0 581235.0 582593.0 583270.0 585019.0 585019.0 585440.0 586390.0 586390.0 586390.0 586390.0 586390.0
-3.36e+22 -2.8999999999999995e+21 384128.0 384128.0 384128.0 384128.0 384128.0 428095.0 428095.0 428095.0 440699.0 465167.0 465167.0 485735.0 511966.0 511966.0 511966.0 511966.0 511966.0 511966.0 511966.0 511966.0 523738.0 533113.0 533113.0 533113.0 561553.0 561553.0 561553.0 561553.0 561553.0 561553.0 561553.0 568141.0 568141.0 568141.0 568141.0 568286.0 572191.0 572191.0 572191.0 574759.0 574759.0 574759.0 574759.0 574759.0 574759.0 574759.0 574759.0 574759.0
-3.52e+22 -3.9999999999999974e+20 361477.0 391167.0 391167.0 398775.0 409054.0 415858.0 422765.0 424045.0 437339.0 461668.0 464844.0 486230.0 497800.0 497800.0 497800.0 497800.0 511062.0 511062.0 511062.0 519631.0 519631.0 519631.0 525645.0 525645.0 526759.0 526759.0 526759.0 535309.0 538685.0 546245.0 546245.0 556394.0 556394.0 556394.0 556394.0 556394.0 556394.0 565196.0 565196.0 571186.0 573146.0 577001.0 577001.0 581974.0 581974.0 584499.0 584499.0 585009.0
-1.08e+22 -7e+21 203658.0 352183.0 352183.0 386338.0 400398.0 413532.0 413532.0 423635.0 423704.0 423704.0 441030.0 467151.0 467151.0 467151.0 485311.0 485311.0 485311.0 497474.0 498328.0 508455.0 533930.0 533930.0 538337.0 538337.0 545519.0 545754.0 546408.0 548905.0 557267.0 558693.0 566083.0 569097.0 590554.0 597069.0 609385.0 609385.0 609385.0 610272.0 614062.0 616427.0 616630.0 618270.0 618270.0 618270.0 620060.0 620060.0 620060.0 620060.0
-2.84e+22 -3.7999999999999995e+21 219593.0 292289.0 335856.0 357412.0 386305.0 434738.0 449800.0 466552.0 466552.0 466552.0 466552.0 475936.0 475936.0 488195.0 517494.0 518532.0 524389.0 524389.0 534555.0 534555.0 550699.0 550699.0 550952.0 557061.0 557061.0 557061.0 570710.0 576649.0 576649.0 584716.0 584716.0 584716.0 588177.0 591017.0 595267.0 595267.0 595267.0 600272.0 608630.0 609877.0 609877.0 609877.0 610244.0 610244.0 610244.0 610244.0 614277.0 616327.0
-3.96e+22 -1.54e+22 191250.0 318302.0 329564.0 378776.0 378776.0 436805.0 462831.0 462831.0 481272.0 481272.0 481272.0 491505.0 503520.0 508683.0 529606.0 529606.0 529606.0 529606.0 529606.0 553581.0 553581.0 553581.0 553581.0 562415.0 562415.0 568434.0 568434.0 584877.0 592540.0 592540.0 592893.0 597373.0 597604.0 597604.0 602990.0 605644.0 611345.0 611345.0 611345.0 611345.0 612788.0 612788.0 612788.0 613923.0 613923.0 613923.0 613923.0 615373.0
-1.52e+22 -1.4999999999999997e+21 302629.0 302629.0 310768.0 310768.0 344762.0 404425.0 404425.0 404425.0 455211.0 457805.0 477327.0 489304.0 489304.0 502521.0 527280.0 527280.0 527280.0 534605.0 534605.0 534605.0 543959.0 543959.0 543959.0 547883.0 553498.0 563125.0 566974.0 566974.0 567395.0 570946.0 576487.0 576487.0 579481.0 579481.0 587547.0 587547.0 590490.0 604087.0 611065.0 611202.0 613050.0 613050.0 613050.0 613050.0 613050.0 614185.0 614185.0 614185.0
-2e+22 -9.999999999999974e+19 246696.0 347365.0 347365.0 349140.0 382631.0 382631.0 444352.0 444352.0 444352.0 445324.0 468402.0 510801.0 528954.0 528954.0 528954.0 528954.0 564160.0 564160.0 564160.0 564160.0 564160.0 564160.0 564160.0 564160.0 564160.0 564160.0 564160.0 564160.0 568640.0 568640.0 576630.0 587136.0 587136.0 596086.0 596086.0 596112.0 600578.0 600578.0 603445.0 605015.0 605015.0 605015.0 605015.0 606255.0 606255.0 606255.0 606255.0 608390.0
-2.73e+22 -4.6e+21 158130.0 385909.0 401111.0 439700.0 439700.0 441531.0 441531.0 465821.0 465821.0 471711.0 471711.0 483677.0 488679.0 488679.0 488679.0 502711.0 515552.0 515552.0 515552.0 515552.0 522837.0 535476.0 535476.0 569518.0 569518.0 569518.0 569518.0 570732.0 574229.0 588290.0 588290.0 591513.0 591513.0 596091.0 599931.0 603990.0 606110.0 612390.0 612390.0 616465.0 618515.0 618515.0 618515.0 618515.0 618515.0 618515.0 618515.0 618515.0
-1.84e+22 -9e+21 179402.0 395072.0 395072.0 395072.0 395072.0 395072.0 422846.0 439945.0 439945.0 446971.0 446971.0 489154.0 489154.0 489632.0 512260.0 512260.0 512260.0 517996.0 517996.0 517996.0 520643.0 531434.0 531475.0 534745.0 534745.0 534745.0 538724.0 555918.0 555918.0 555918.0 557386.0 559237.0 566402.0 566402.0 567465.0 571004.0 577735.0 577735.0 577735.0 577735.0 577735.0 581970.0 581970.0 581970.0 581970.0 581970.0 581970.0 581970.0
-4.98e+22 -1.81e+22 -8.3e+21 249720.0 263786.0 275022.0 327222.0 354385.0 394011.0 394011.0 409122.0 410733.0 446146.0 450103.0 456004.0 458338.0 464541.0 470854.0 489224.0 495649.0 505980.0 519177.0 527931.0 545661.0 545849.0 567037.0 568637.0 568637.0 582260.0 582260.0 582260.0 593639.0 593639.0 593639.0 593639.0 593959.0 594225.0 595647.0 597238.0 598542.0 598542.0 604697.0 604697.0 609325.0 609325.0 609325.0 609325.0 609325.0 609325.0 609805.0
-3.33e+22 -1.77e+22 -1.9999999999999984e+20 276995.0 315802.0 344463.0 356213.0 414759.0 449198.0 472798.0 480505.0 480505.0 501316.0 501316.0 520363.0 520363.0 520363.0 520363.0 533247.0 533247.0 533247.0 533247.0 534897.0 548606.0 548606.0 548606.0 555650.0 555650.0 570599.0 570599.0 570599.0 570599.0 579501.0 579501.0 580390.0 587080.0 591928.0 594148.0 601732.0 601732.0 608066.0 610021.0 614256.0 615341.0 615341.0 615341.0 615341.0 615341.0 615341.0 615341.0
-3.24e+22 -5.1e+21 329183.0 329183.0 345528.0 353972.0 372760.0 426343.0 460594.0 460594.0 460594.0 460594.0 460594.0 463580.0 477211.0 477623.0 484140.0 497959.0 510280.0 510280.0 535497.0 535497.0 536932.0 542132.0 551057.0 551057.0 551057.0 551057.0 551057.0 555627.0 555627.0 555866.0 559148.0 564724.0 566930.0 568132.0 572850.0 575004.0 582112.0 582112.0 582392.0 582392.0 587282.0 587282.0 587485.0 587485.0 587485.0 587485.0 587485.0 587485.0
-1.5e+22 -1.06e+22 255216.0 328724.0 383018.0 407810.0 426014.0 426014.0 426014.0 440332.0 440332.0 440332.0 456116.0 479888.0 479888.0 479888.0 487178.0 487178.0 488176.0 506061.0 518051.0 518051.0 527806.0 527806.0 536515.0 539994.0 540534.0 549862.0 551280.0 556914.0 564523.0 564523.0 564523.0 564523.0 564523.0 574686.0 577616.0 577616.0 577616.0 577876.0 580181.0 581966.0 581966.0 582156.0 582156.0 582156.0 582156.0 582156.0 582156.0 582156.0
-4e+22 272290.0 382289.0 382289.0 416763.0 416763.0 416763.0 424191.0 439220.0 454959.0 454959.0 479855.0 479855.0 512170.0 512170.0 512170.0 512170.0 512170.0 512170.0 512170.0 515930.0 515930.0 516991.0 516991.0 530276.0 530880.0 530880.0 544815.0 544815.0 544815.0 544815.0 544815.0 553485.0 553485.0 569095.0 569095.0 569095.0 569095.0 569095.0 569095.0 571201.0 571430.0 571430.0 575204.0 575204.0 575204.0 575204.0 577254.0 577254.0 577254.0
-3.53e+22 227990.0 256593.0 361479.0 361479.0 378350.0 442513.0 453054.0 474867.0 487014.0 487014.0 487014.0 492138.0 497681.0 497681.0 516801.0 517438.0 555150.0 555150.0 555150.0 555150.0 555150.0 555150.0 555150.0 555150.0 555150.0 555150.0 555150.0 555150.0 558036.0 558036.0 561374.0 564385.0 573782.0 573782.0 575946.0 583990.0 590497.0 591406.0 594042.0 598702.0 600970.0 605101.0 607973.0 613003.0 613098.0 615012.0 615012.0 615012.0 615012.0
