PSO_C Results:
287821.0 436308.0 457364.0 520469.0 547285.0 554028.0 554028.0 554028.0 554028.0 554562.0 554653.0 556553.0 556553.0 556553.0 559858.0 559858.0 559858.0 559858.0 559858.0 559858.0 559858.0 559858.0 559858.0 559858.0 559858.0 559858.0 559858.0 559858.0 559858.0 559858.0 559858.0 559858.0 559858.0 559858.0 559858.0 559858.0 559858.0 559858.0 559858.0 559858.0 559858.0 559858.0 559858.0 559858.0 559858.0 559858.0 559858.0 559858.0 559858.0 559858.0
311787.0 379401.0 440440.0 532779.0 532779.0 532779.0 532779.0 532779.0 532779.0 532779.0 532779.0 532779.0 532779.0 532779.0 532779.0 532779.0 532779.0 532779.0 532779.0 532779.0 532779.0 532779.0 532779.0 532779.0 532779.0 532779.0 532779.0 532779.0 532779.0 532779.0 532779.0 532779.0 532779.0 532779.0 532779.0 532779.0 532779.0 532779.0 532779.0 532779.0 532779.0 532779.0 532779.0 532779.0 532779.0 532779.0 532779.0 532779.0 532779.0 532779.0
399214.0 442764.0 481548.0 519895.0 549205.0 549205.0 549205.0 549205.0 554909.0 554909.0 554909.0 554909.0 554909.0 554909.0 554909.0 554909.0 554909.0 554909.0 554909.0 554909.0 554909.0 564054.0 564054.0 564054.0 564054.0 564054.0 564054.0 564054.0 564054.0 564054.0 564054.0 564054.0 564054.0 564054.0 564054.0 564054.0 564054.0 564054.0 564054.0 564054.0 564054.0 564054.0 564054.0 564054.0 564054.0 564054.0 564054.0 564054.0 564054.0 564054.0
243175.0 398741.0 446611.0 461344.0 471726.0 497319.0 497319.0 507564.0 508225.0 529036.0 529036.0 529036.0 529036.0 529036.0 529036.0 529036.0 529036.0 529036.0 529036.0 529036.0 529036.0 529036.0 529036.0 529036.0 529036.0 529036.0 529036.0 544717.0 544717.0 544717.0 544717.0 544717.0 544717.0 544717.0 544717.0 544717.0 544717.0 544717.0 544717.0 544717.0 544717.0 544717.0 544717.0 544717.0 544717.0 544717.0 544717.0 544717.0 544717.0 544717.0
326456.0 433356.0 467590.0 482253.0 506203.0 506203.0 506203.0 508697.0 538948.0 538948.0 538948.0 538948.0 549572.0 549572.0 549572.0 549572.0 549572.0 549572.0 551637.0 551637.0 551637.0 551637.0 551637.0 551637.0 551637.0 551637.0 551637.0 551637.0 551637.0 551637.0 551637.0 551637.0 551637.0 551637.0 551637.0 551637.0 551637.0 551637.0 551637.0 551637.0 551637.0 551637.0 551637.0 551637.0 551637.0 551637.0 551637.0 551637.0 551637.0 551637.0
367381.0 484470.0 490704.0 492539.0 527095.0 527095.0 542481.0 560113.0 560113.0 560113.0 560113.0 560113.0 560113.0 564008.0 568692.0 568692.0 568692.0 568692.0 568692.0 568692.0 568692.0 568692.0 568692.0 568692.0 568692.0 568692.0 568692.0 568692.0 568692.0 568692.0 568692.0 568692.0 568692.0 568692.0 568692.0 568692.0 568692.0 568692.0 568692.0 568692.0 568692.0 568692.0 568692.0 568692.0 568692.0 568692.0 568692.0 568692.0 568692.0 568692.0
300283.0 446093.0 496755.0 503640.0 517573.0 517573.0 517573.0 517573.0 517573.0 521075.0 545440.0 545440.0 561155.0 561155.0 561155.0 561155.0 561155.0 561155.0 561155.0 561155.0 561155.0 561155.0 561155.0 561155.0 561155.0 561155.0 561155.0 561155.0 561155.0 561155.0 561155.0 561155.0 561155.0 561155.0 561155.0 561155.0 561155.0 561155.0 561155.0 561155.0 561155.0 561155.0 561155.0 561155.0 561155.0 561155.0 561155.0 561155.0 561155.0 561155.0
314661.0 361961.0 509157.0 509157.0 519161.0 520177.0 520177.0 540567.0 540567.0 540567.0 542016.0 547426.0 549851.0 564494.0 564494.0 564494.0 564494.0 564494.0 564494.0 564494.0 564494.0 564494.0 564494.0 564494.0 564494.0 564494.0 564494.0 564494.0 564494.0 564494.0 564494.0 564494.0 564494.0 564494.0 564494.0 564494.0 564494.0 564494.0 564494.0 564494.0 564494.0 564494.0 564494.0 564494.0 564494.0 564494.0 564494.0 564494.0 564494.0 564494.0
201707.0 368503.0 512146.0 512146.0 518331.0 543409.0 543409.0 543409.0 543409.0 543409.0 543409.0 548196.0 548196.0 548196.0 548196.0 548196.0 548196.0 548196.0 548196.0 548196.0 548196.0 548196.0 548196.0 548196.0 548196.0 548196.0 548196.0 548196.0 548196.0 548196.0 548196.0 548196.0 548196.0 548196.0 548196.0 548196.0 548196.0 548196.0 548196.0 548196.0 548196.0 548196.0 548196.0 548196.0 548196.0 548196.0 548196.0 548196.0 548196.0 548196.0
393057.0 418356.0 427900.0 468538.0 468538.0 468538.0 501628.0 501628.0 501628.0 508479.0 525823.0 525823.0 525823.0 525823.0 525823.0 525823.0 545992.0 545992.0 545992.0 545992.0 545992.0 545992.0 545992.0 545992.0 545992.0 545992.0 545992.0 545992.0 545992.0 545992.0 545992.0 545992.0 545992.0 545992.0 545992.0 545992.0 545992.0 545992.0 545992.0 545992.0 545992.0 545992.0 545992.0 545992.0 545992.0 545992.0 545992.0 545992.0 545992.0 545992.0
425199.0 476202.0 531632.0 532753.0 532753.0 536773.0 544457.0 544457.0 544457.0 573581.0 573581.0 573581.0 573581.0 573581.0 576594.0 576594.0 578941.0 578941.0 578941.0 578941.0 578941.0 578941.0 578941.0 578941.0 578941.0 578941.0 578941.0 578941.0 578941.0 578941.0 578941.0 578941.0 578941.0 578941.0 578941.0 578941.0 578941.0 578941.0 578941.0 578941.0 578941.0 578941.0 578941.0 578941.0 578941.0 578941.0 578941.0 578941.0 578941.0 578941.0
314900.0 441372.0 489609.0 489609.0 513494.0 514114.0 539331.0 539331.0 539331.0 539331.0 539331.0 539331.0 539331.0 539331.0 539331.0 539331.0 539331.0 539331.0 539331.0 539331.0 539331.0 539331.0 539331.0 539331.0 539331.0 539331.0 539331.0 539331.0 539331.0 539331.0 539331.0 539331.0 539331.0 539331.0 539331.0 539331.0 539331.0 539331.0 539331.0 539331.0 539331.0 539331.0 539331.0 539331.0 539331.0 539331.0 539331.0 539331.0 539331.0 539331.0
361433.0 450151.0 468179.0 502336.0 513237.0 513237.0 513237.0 513237.0 513237.0 513237.0 516556.0 516556.0 516556.0 516556.0 516556.0 516556.0 516556.0 516556.0 518803.0 518803.0 518803.0 518803.0 518803.0 518803.0 518803.0 518803.0 518803.0 518803.0 518803.0 518803.0 518803.0 518803.0 518803.0 518803.0 518803.0 518803.0 518803.0 518803.0 518803.0 518803.0 518803.0 518803.0 518803.0 518803.0 518803.0 518803.0 518803.0 518803.0 518803.0 518803.0
355397.0 444977.0 450636.0 489309.0 494957.0 505594.0 524381.0 528718.0 528718.0 528718.0 528718.0 538085.0 540684.0 565378.0 565378.0 565378.0 565378.0 565378.0 565378.0 565378.0 565378.0 565378.0 565378.0 565378.0 565378.0 565378.0 565378.0 565378.0 565378.0 565378.0 565378.0 565378.0 565378.0 565378.0 565378.0 565378.0 565378.0 565378.0 565378.0 565378.0 565378.0 565378.0 565378.0 565378.0 565378.0 565378.0 565378.0 565378.0 565378.0 565378.0
251647.0 410716.0 464833.0 509152.0 513662.0 513662.0 513662.0 513662.0 539669.0 539669.0 539669.0 539669.0 539669.0 539669.0 539669.0 539669.0 539669.0 539669.0 551181.0 551181.0 551181.0 551181.0 551181.0 551181.0 551181.0 551181.0 551181.0 551181.0 551181.0 551181.0 551181.0 551181.0 551181.0 551181.0 551181.0 551181.0 551181.0 551181.0 551181.0 551181.0 551181.0 551181.0 551181.0 551181.0 551181.0 551181.0 551181.0 551181.0 551181.0 551181.0
457780.0 482474.0 507064.0 529338.0 529338.0 529338.0 529338.0 529338.0 537370.0 541010.0 541010.0 541010.0 541010.0 541010.0 541010.0 541010.0 541010.0 545265.0 545265.0 545265.0 545265.0 545265.0 545265.0 545265.0 545265.0 545265.0 545265.0 545265.0 545265.0 545265.0 545265.0 545265.0 545265.0 545265.0 545265.0 545265.0 545265.0 545265.0 545265.0 545265.0 545265.0 545265.0 545265.0 545265.0 545265.0 545265.0 545265.0 545265.0 545265.0 545265.0
216497.0 480848.0 490801.0 505279.0 539790.0 567038.0 567038.0 567038.0 567038.0 567038.0 567038.0 567038.0 567038.0 567038.0 567038.0 567038.0 567038.0 567038.0 567038.0 567038.0 567038.0 567038.0 567038.0 567038.0 567038.0 567038.0 567038.0 567038.0 567038.0 567038.0 567038.0 567038.0 567038.0 567038.0 567038.0 567038.0 567038.0 567038.0 567038.0 567038.0 567038.0 567038.0 567038.0 567038.0 567038.0 567038.0 567038.0 567038.0 567038.0 567038.0
378757.0 433856.0 484079.0 487385.0 487385.0 561203.0 561203.0 561203.0 563058.0 563058.0 563058.0 563058.0 563058.0 563058.0 563058.0 563058.0 563058.0 563058.0 569063.0 569063.0 569063.0 569063.0 569063.0 569063.0 569063.0 569063.0 569063.0 569063.0 569063.0 569063.0 569063.0 569063.0 569063.0 569063.0 569063.0 569063.0 569063.0 569063.0 569063.0 569063.0 569063.0 569063.0 569063.0 569063.0 569063.0 569063.0 569063.0 569063.0 569063.0 569063.0
380886.0 440771.0 494005.0 496667.0 516096.0 516096.0 516096.0 519430.0 526687.0 526687.0 526687.0 526687.0 526687.0 526687.0 526687.0 526687.0 526687.0 526687.0 526687.0 526687.0 526687.0 526687.0 526687.0 526687.0 526687.0 526687.0 526687.0 526687.0 526687.0 526687.0 526687.0 526687.0 526687.0 526687.0 526687.0 526687.0 526687.0 526687.0 526687.0 526687.0 526687.0 526687.0 526687.0 526687.0 526687.0 526687.0 526687.0 526687.0 526687.0 526687.0
317101.0 414471.0 480778.0 524071.0 542929.0 542929.0 542929.0 542929.0 542929.0 542929.0 542929.0 542929.0 557499.0 557499.0 557499.0 557499.0 557499.0 557499.0 557499.0 557499.0 557499.0 557499.0 557499.0 557499.0 557499.0 557499.0 557499.0 557499.0 557499.0 557499.0 557499.0 557499.0 557499.0 557499.0 557499.0 557499.0 557499.0 557499.0 557499.0 557499.0 557499.0 557499.0 557499.0 557499.0 557499.0 557499.0 557499.0 557499.0 557499.0 557499.0
296092.0 502771.0 502771.0 505731.0 506006.0 516091.0 520951.0 544099.0 544099.0 544099.0 544099.0 544099.0 544099.0 544099.0 544099.0 544099.0 544099.0 544099.0 544099.0 544099.0 544099.0 544099.0 544099.0 544099.0 544099.0 544099.0 544099.0 544099.0 544099.0 544099.0 544099.0 544099.0 544099.0 544099.0 544099.0 544099.0 544099.0 544099.0 544099.0 544099.0 544099.0 544099.0 544099.0 544099.0 544099.0 544099.0 544099.0 544099.0 544099.0 544099.0
435295.0 514209.0 514209.0 514209.0 515709.0 515709.0 515717.0 515717.0 515717.0 515717.0 516099.0 516099.0 543102.0 543102.0 543102.0 543102.0 543102.0 543102.0 543102.0 543102.0 543102.0 543102.0 543102.0 543102.0 543102.0 543102.0 543102.0 543102.0 543102.0 543102.0 543102.0 543102.0 543102.0 543102.0 543102.0 543102.0 543102.0 543102.0 543102.0 543102.0 543102.0 543102.0 543102.0 543102.0 543102.0 543102.0 543102.0 543102.0 543102.0 543102.0
368781.0 435983.0 476428.0 477562.0 510671.0 515316.0 520343.0 529351.0 544996.0 544996.0 544996.0 544996.0 544996.0 544996.0 566341.0 566341.0 566341.0 566341.0 566341.0 566341.0 566341.0 566341.0 566341.0 566341.0 566341.0 566341.0 566341.0 566341.0 566341.0 566341.0 566341.0 566341.0 566341.0 566341.0 566341.0 566341.0 566341.0 566341.0 566341.0 566341.0 566341.0 566341.0 566341.0 566341.0 566341.0 566341.0 566341.0 566341.0 566341.0 566341.0
380370.0 453940.0 504748.0 505747.0 519594.0 519594.0 519594.0 519594.0 519594.0 519594.0 531411.0 531411.0 531411.0 531411.0 531411.0 531411.0 531411.0 531411.0 531411.0 531411.0 531411.0 531411.0 531411.0 531411.0 531411.0 531411.0 531411.0 531411.0 531411.0 531411.0 531411.0 531411.0 531411.0 531411.0 531411.0 531411.0 531411.0 531411.0 531411.0 531411.0 531411.0 531411.0 531411.0 531411.0 531411.0 531411.0 531411.0 531411.0 531411.0 531411.0
373619.0 454657.0 514612.0 559494.0 559494.0 563263.0 570734.0 570734.0 570734.0 570734.0 570734.0 570734.0 570734.0 570734.0 582273.0 582273.0 582273.0 582273.0 582273.0 582273.0 582273.0 582273.0 582273.0 582273.0 582273.0 582273.0 582273.0 582273.0 582273.0 582273.0 582273.0 582273.0 582273.0 582273.0 582273.0 582273.0 582273.0 582273.0 582273.0 582273.0 582273.0 582273.0 582273.0 582273.0 582273.0 582273.0 582273.0 582273.0 582273.0 582273.0
322337.0 470532.0 494584.0 513894.0 513894.0 513894.0 513894.0 513894.0 513894.0 513894.0 515541.0 521755.0 521755.0 522820.0 522820.0 522820.0 522820.0 522820.0 522820.0 522820.0 522820.0 522820.0 522820.0 522820.0 522820.0 522820.0 522820.0 522820.0 522820.0 522820.0 522820.0 522820.0 522820.0 522820.0 522820.0 522820.0 522820.0 522820.0 522820.0 522820.0 522820.0 522820.0 522820.0 522820.0 522820.0 522820.0 522820.0 522820.0 522820.0 522820.0
405857.0 483335.0 519132.0 530021.0 530021.0 530021.0 530021.0 539545.0 539545.0 539545.0 540300.0 540300.0 540300.0 540300.0 540300.0 540300.0 540300.0 540300.0 540300.0 540300.0 540300.0 540300.0 540300.0 540300.0 540300.0 540300.0 540300.0 540300.0 540300.0 540300.0 540300.0 540300.0 540300.0 540300.0 540300.0 540300.0 540300.0 540300.0 540300.0 540300.0 540300.0 540300.0 540300.0 540300.0 540300.0 540300.0 540300.0 540300.0 540300.0 540300.0
205704.0 429398.0 479103.0 482253.0 508430.0 530483.0 534078.0 536225.0 536225.0 541473.0 541473.0 541473.0 541473.0 541473.0 541473.0 541473.0 541473.0 541473.0 541473.0 558027.0 558027.0 558027.0 558027.0 558027.0 558027.0 558027.0 558027.0 558027.0 558027.0 558027.0 558027.0 558027.0 558027.0 558027.0 558027.0 558027.0 558027.0 558027.0 558027.0 558027.0 558027.0 558027.0 558027.0 558027.0 558027.0 558027.0 558027.0 558027.0 558027.0 558027.0
294419.0 438671.0 488088.0 501894.0 524022.0 524057.0 524057.0 524057.0 527762.0 527762.0 527762.0 527762.0 527762.0 530843.0 530843.0 530843.0 530843.0 530843.0 530843.0 556474.0 556474.0 556474.0 556474.0 556474.0 556474.0 556474.0 560044.0 560044.0 560044.0 560044.0 560044.0 560044.0 560044.0 560044.0 560044.0 560044.0 560044.0 560044.0 560044.0 560044.0 560044.0 560044.0 560044.0 560044.0 560044.0 560044.0 560044.0 560044.0 560044.0 560044.0
340056.0 424877.0 454422.0 481179.0 507216.0 536220.0 536220.0 536220.0 536220.0 536220.0 536220.0 536220.0 536220.0 536220.0 536220.0 536220.0 536220.0 536220.0 536220.0 536220.0 536220.0 536220.0 536220.0 536220.0 536220.0 536220.0 536220.0 536220.0 536220.0 536220.0 536220.0 536220.0 536220.0 536220.0 536220.0 536220.0 536220.0 536220.0 536220.0 536220.0 536220.0 536220.0 536220.0 536220.0 536220.0 536220.0 536220.0 536220.0 536220.0 536220.0
