GA_LS Results:
-1.1999999999999997e+21 259474.0 363934.0 363934.0 428428.0 428428.0 429884.0 429884.0 444899.0 444899.0 449461.0 460647.0 460647.0 475571.0 492394.0 492394.0 492394.0 497949.0 515410.0 517767.0 528669.0 549495.0 549495.0 549495.0 549495.0 560598.0 568033.0 580828.0 580828.0 580828.0 580828.0 585889.0 585889.0 586955.0 586955.0 603952.0 603952.0 603952.0 608097.0 609227.0 617443.0 617443.0 617443.0 618935.0 618935.0 618935.0 618935.0 618935.0 618935.0 618935.0
-2.4e+22 324640.0 397565.0 397565.0 424465.0 424465.0 440877.0 452876.0 467449.0 504121.0 504121.0 504526.0 505175.0 505175.0 505175.0 505175.0 514235.0 520463.0 520463.0 522866.0 522866.0 526079.0 531183.0 544384.0 564360.0 564360.0 564360.0 576424.0 576424.0 576424.0 576424.0 576424.0 585414.0 586266.0 588017.0 603164.0 603885.0 603885.0 604902.0 606752.0 609130.0 612940.0 613480.0 614730.0 617976.0 617976.0 617976.0 617976.0 617976.0 618641.0
-7.3e+21 282938.0 315316.0 399232.0 427042.0 449704.0 449704.0 479560.0 483594.0 483594.0 494063.0 494063.0 498299.0 498299.0 503646.0 524800.0 524800.0 537778.0 542610.0 542610.0 564486.0 564486.0 564486.0 576488.0 576488.0 576488.0 576488.0 587940.0 591490.0 598039.0 598039.0 605124.0 605124.0 605124.0 614887.0 614887.0 614887.0 617015.0 617015.0 617015.0 618935.0 620060.0 620060.0 620060.0 620060.0 620060.0 620060.0 620060.0 620060.0 620060.0
-1.5999999999999997e+21 365723.0 395504.0 451108.0 451108.0 451108.0 470911.0 470911.0 470911.0 470911.0 497816.0 497816.0 497816.0 497816.0 501771.0 530863.0 537296.0 537296.0 538561.0 549346.0 549346.0 558888.0 558888.0 574205.0 574205.0 574205.0 574205.0 583253.0 583253.0 583253.0 593335.0 593335.0 595192.0 601572.0 601572.0 601572.0 603025.0 608744.0 611449.0 611449.0 613181.0 616403.0 616403.0 618935.0 618935.0 618935.0 618935.0 620060.0 620060.0 620060.0
-9.1e+21 364859.0 364859.0 364859.0 364859.0 408512.0 442785.0 490317.0 490317.0 490317.0 490317.0 515345.0 515345.0 515345.0 527697.0 527697.0 527697.0 545379.0 545379.0 545379.0 545379.0 548125.0 550081.0 560393.0 573469.0 573469.0 580374.0 580374.0 587390.0 587390.0 601499.0 601499.0 601499.0 602385.0 602678.0 604865.0 609570.0 609570.0 609570.0 613680.0 614516.0 614516.0 614883.0 614883.0 614883.0 614883.0 614883.0 614883.0 615823.0 615823.0
-1.07e+22 311598.0 357920.0 357920.0 373842.0 417962.0 419019.0 462500.0 462500.0 473995.0 473995.0 481061.0 512491.0 524091.0 524091.0 524091.0 524091.0 532692.0 542070.0 542070.0 549494.0 553612.0 553612.0 562357.0 563463.0 573349.0 577442.0 577442.0 590880.0 590880.0 591069.0 591069.0 593567.0 596017.0 604757.0 606109.0 609472.0 609472.0 611289.0 611289.0 611299.0 611299.0 616190.0 616190.0 616190.0 619595.0 619595.0 619595.0 619595.0 619595.0
-6.4e+21 312412.0 357040.0 371278.0 390646.0 393492.0 394710.0 443882.0 469505.0 473578.0 473578.0 479741.0 514672.0 514672.0 514672.0 514672.0 543697.0 552652.0 552652.0 559332.0 559332.0 559332.0 559332.0 561365.0 563161.0 564621.0 569056.0 576147.0 581167.0 581167.0 589872.0 589872.0 590387.0 596756.0 596817.0 606201.0 606201.0 606201.0 610476.0 613501.0 615638.0 616005.0 616665.0 616665.0 620060.0 620060.0 620060.0 620060.0 620060.0 620060.0
189023.0 394207.0 394207.0 394207.0 394207.0 411212.0 426976.0 444776.0 444776.0 471836.0 481878.0 482846.0 505288.0 505288.0 510249.0 510249.0 513346.0 513346.0 561916.0 561916.0 561916.0 561916.0 561916.0 567516.0 570292.0 570292.0 570292.0 572600.0 572944.0 576707.0 593250.0 596148.0 605410.0 605410.0 605410.0 607410.0 607410.0 611603.0 617136.0 617136.0 617136.0 617713.0 618526.0 620060.0 620060.0 620060.0 620060.0 620060.0 620060.0 620060.0
-3.1e+21 391124.0 449538.0 449538.0 449538.0 449538.0 449538.0 459147.0 459147.0 484589.0 500434.0 500469.0 513602.0 521001.0 521001.0 524978.0 535008.0 535008.0 535008.0 540611.0 540611.0 544606.0 544606.0 544606.0 544606.0 544606.0 544606.0 546272.0 546272.0 571350.0 571350.0 571350.0 571350.0 571350.0 571350.0 573360.0 579930.0 583717.0 596897.0 601467.0 601677.0 603222.0 608050.0 615285.0 615285.0 615643.0 619766.0 619766.0 619766.0 619766.0
-8.2e+21 314072.0 350476.0 357973.0 399960.0 417754.0 418281.0 418281.0 434454.0 458569.0 458569.0 471798.0 474463.0 476690.0 494431.0 535123.0 535123.0 535123.0 535123.0 544160.0 544160.0 544160.0 551310.0 551310.0 572390.0 572390.0 572390.0 576075.0 576075.0 592717.0 593138.0 593138.0 600212.0 602244.0 607447.0 614272.0 614272.0 614272.0 614272.0 617363.0 618908.0 619693.0 619693.0 620060.0 620060.0 620060.0 620060.0 620060.0 620060.0 620060.0
-1.73e+22 240168.0 328587.0 371526.0 396387.0 451109.0 466851.0 469758.0 482440.0 482440.0 494200.0 494200.0 494200.0 499837.0 505083.0 516284.0 531534.0 550170.0 550170.0 550170.0 556061.0 557716.0 557716.0 557716.0 557785.0 557785.0 567011.0 568711.0 575820.0 578677.0 578677.0 583785.0 587132.0 596410.0 600085.0 604831.0 605370.0 608047.0 609210.0 612938.0 614508.0 615233.0 617201.0 617201.0 618670.0 618670.0 620060.0 620060.0 620060.0 620060.0
195528.0 304503.0 349867.0 353346.0 395310.0 395310.0 423073.0 433025.0 462003.0 462003.0 462003.0 468337.0 483093.0 483093.0 491511.0 508340.0 511174.0 516702.0 516702.0 544074.0 544074.0 560908.0 560908.0 560908.0 560908.0 560908.0 560908.0 560908.0 560908.0 560908.0 562124.0 586253.0 586253.0 590404.0 590404.0 597430.0 604161.0 605596.0 605596.0 611345.0 613810.0 616378.0 617110.0 618288.0 618553.0 618553.0 619228.0 619595.0 619595.0 619595.0
191879.0 327321.0 341694.0 350659.0 394848.0 407109.0 435445.0 435445.0 435445.0 435445.0 499117.0 499117.0 508773.0 508773.0 515040.0 515040.0 520457.0 536699.0 536699.0 536699.0 536699.0 550535.0 556710.0 556710.0 560548.0 567048.0 587996.0 587996.0 591466.0 591466.0 591466.0 592296.0 598102.0 598102.0 601096.0 604087.0 606754.0 608630.0 613200.0 614383.0 616286.0 616286.0 618516.0 618516.0 618516.0 619766.0 619766.0 619766.0 619766.0 619766.0
214710.0 352399.0 415879.0 415879.0 415879.0 415879.0 430677.0 448496.0 470359.0 492646.0 493594.0 518282.0 518282.0 527526.0 527526.0 527526.0 527526.0 532655.0 532655.0 532655.0 532655.0 538092.0 566776.0 566776.0 566776.0 566776.0 566776.0 566776.0 566776.0 585339.0 585339.0 589741.0 589741.0 591210.0 591210.0 597563.0 597563.0 606259.0 606259.0 608597.0 612420.0 615423.0 616182.0 616270.0 616270.0 617713.0 617713.0 617713.0 617713.0 617713.0
-7.1e+21 371135.0 392355.0 404638.0 467454.0 467454.0 467454.0 480297.0 506344.0 510393.0 510393.0 510393.0 510393.0 526219.0 526219.0 526219.0 526219.0 553824.0 553824.0 553824.0 553824.0 553824.0 553824.0 553824.0 577349.0 582281.0 582281.0 582281.0 584000.0 584530.0 589621.0 595265.0 596802.0 600290.0 607095.0 607095.0 608942.0 611267.0 611507.0 613448.0 613448.0 617518.0 617518.0 618303.0 618670.0 618935.0 619595.0 619595.0 619595.0 619595.0
241607.0 389240.0 429661.0 462442.0 462442.0 480031.0 481719.0 493502.0 502100.0 522151.0 522151.0 529080.0 529080.0 537772.0 537772.0 537772.0 540397.0 540397.0 540397.0 540397.0 540954.0 557504.0 564856.0 581774.0 581774.0 581774.0 581774.0 581774.0 584460.0 587910.0 591303.0 591592.0 598487.0 601287.0 604351.0 604351.0 605273.0 608813.0 613413.0 614406.0 617856.0 617856.0 617856.0 617856.0 617856.0 617856.0 617856.0 617856.0 617856.0 617856.0
284470.0 356089.0 356089.0 356089.0 374629.0 407188.0 422943.0 460313.0 466173.0 475543.0 480865.0 480865.0 510406.0 510406.0 510406.0 510406.0 517776.0 526945.0 526945.0 551801.0 551801.0 551801.0 551801.0 551801.0 551801.0 557286.0 557286.0 557286.0 557286.0 560640.0 563081.0 563410.0 563410.0 590948.0 590948.0 590948.0 593496.0 602488.0 602488.0 602488.0 608234.0 609004.0 613915.0 613915.0 613915.0 613915.0 614118.0 615823.0 615823.0 615823.0
-1.6999999999999997e+21 270914.0 391706.0 393762.0 401358.0 405150.0 409748.0 430949.0 453626.0 453626.0 494843.0 494843.0 494843.0 494843.0 494843.0 512244.0 515515.0 515515.0 520305.0 520305.0 541663.0 541663.0 541663.0 541663.0 559224.0 559224.0 559224.0 563195.0 563195.0 563195.0 584246.0 584246.0 584246.0 589112.0 590105.0 593462.0 593742.0 598783.0 598783.0 599675.0 607187.0 607187.0 607187.0 607920.0 607920.0 613335.0 616600.0 616600.0 616600.0 616600.0
-7e+21 327052.0 327052.0 347701.0 374732.0 449107.0 449107.0 458253.0 463835.0 480852.0 493030.0 493030.0 493030.0 496167.0 496167.0 498716.0 502566.0 511585.0 512736.0 522231.0 544984.0 544984.0 546200.0 546200.0 553265.0 553265.0 553265.0 553265.0 553265.0 557341.0 557598.0 563961.0 566035.0 566035.0 567470.0 567470.0 572490.0 578788.0 578788.0 578788.0 579068.0 579383.0 579383.0 579383.0 580130.0 581098.0 581098.0 581098.0 581098.0 581848.0
-3.6999999999999995e+21 328023.0 363381.0 368274.0 400996.0 400996.0 403019.0 435945.0 435945.0 435945.0 457234.0 474703.0 474703.0 474703.0 493761.0 506768.0 506768.0 508475.0 508475.0 514928.0 518892.0 535401.0 535401.0 535401.0 555088.0 555088.0 559900.0 566950.0 571874.0 588458.0 588458.0 588458.0 588458.0 597624.0 597624.0 601318.0 601318.0 605040.0 609099.0 610713.0 610713.0 612383.0 614293.0 615228.0 615228.0 617365.0 617365.0 617365.0 618490.0 618490.0
-2.8e+21 302107.0 341070.0 380582.0 380582.0 406118.0 408470.0 450012.0 450012.0 450012.0 474197.0 479839.0 489331.0 495866.0 504211.0 504211.0 521382.0 521382.0 557540.0 557540.0 557540.0 557540.0 557540.0 557540.0 567283.0 567283.0 570825.0 572133.0 576017.0 581866.0 584598.0 599551.0 604726.0 606478.0 606478.0 608346.0 613116.0 613116.0 613116.0 613116.0 615521.0 615881.0 615881.0 615881.0 615881.0 616656.0 617456.0 617456.0 617456.0 617456.0
-3.8e+21 289382.0 353832.0 364295.0 379789.0 408242.0 426262.0 449779.0 481002.0 489649.0 489649.0 489649.0 498140.0 516252.0 516252.0 516252.0 517719.0 521487.0 521487.0 540843.0 540843.0 540843.0 540843.0 540843.0 540843.0 542040.0 542040.0 542752.0 547922.0 547922.0 547922.0 556341.0 556341.0 556341.0 558346.0 558346.0 558346.0 567097.0 567097.0 567097.0 567097.0 572956.0 572956.0 573751.0 575256.0 577736.0 577736.0 577736.0 577736.0 577736.0
-5.3e+21 324496.0 343529.0 343529.0 406665.0 406665.0 430206.0 430206.0 431232.0 475285.0 480020.0 486277.0 503085.0 503085.0 507464.0 512782.0 512782.0 538362.0 538362.0 538362.0 538362.0 538362.0 538362.0 540174.0 543761.0 545250.0 545250.0 549055.0 551525.0 551525.0 555709.0 558131.0 565671.0 568741.0 568741.0 577175.0 577175.0 577175.0 577175.0 578335.0 580295.0 582687.0 584075.0 587218.0 588068.0 588068.0 588268.0 588943.0 589310.0 589310.0
-1.82e+22 300845.0 486532.0 486532.0 486532.0 486532.0 486532.0 492498.0 492498.0 492498.0 500704.0 507184.0 527333.0 527333.0 527333.0 527333.0 530721.0 530721.0 534471.0 534471.0 534471.0 534471.0 534471.0 536439.0 539291.0 545742.0 550345.0 555120.0 555120.0 560240.0 560240.0 566085.0 566479.0 567030.0 567713.0 573556.0 582543.0 582543.0 585100.0 587688.0 588943.0 588943.0 588943.0 589853.0 589853.0 589853.0 589853.0 589853.0 589853.0 589853.0
-1.19e+22 231146.0 327854.0 365824.0 413980.0 413980.0 413980.0 445588.0 445588.0 445588.0 475854.0 485690.0 498323.0 520881.0 520881.0 520881.0 520881.0 520881.0 525935.0 529955.0 533130.0 540447.0 554084.0 554084.0 556373.0 556373.0 556373.0 556460.0 556460.0 556460.0 573664.0 573773.0 573773.0 573773.0 575254.0 577129.0 583867.0 608533.0 608533.0 609723.0 613748.0 613893.0 614668.0 618303.0 618303.0 618670.0 618670.0 618670.0 618935.0 620060.0
-7.4e+21 257308.0 383878.0 391238.0 420725.0 426981.0 446278.0 466111.0 497490.0 497490.0 507149.0 507149.0 507149.0 507149.0 507149.0 507149.0 507149.0 516903.0 537149.0 537149.0 542699.0 546954.0 551077.0 551077.0 564198.0 564198.0 565507.0 583962.0 583962.0 590318.0 590318.0 608017.0 608017.0 608017.0 608017.0 608017.0 611495.0 611593.0 612225.0 612225.0 614348.0 616043.0 616043.0 616043.0 616308.0 616308.0 616308.0 616308.0 616308.0 616308.0
-5.9e+21 342621.0 361933.0 405395.0 407173.0 418188.0 436417.0 442324.0 467167.0 472566.0 473132.0 473132.0 493056.0 497634.0 511362.0 511362.0 511362.0 520847.0 545116.0 545116.0 561803.0 561803.0 561803.0 561803.0 565062.0 567754.0 585051.0 585051.0 587873.0 592359.0 592476.0 592476.0 592476.0 605864.0 609217.0 609217.0 615518.0 615518.0 615518.0 615518.0 615518.0 615518.0 618568.0 618568.0 618935.0 618935.0 618935.0 618935.0 620060.0 620060.0
-4.999999999999998e+20 317793.0 332736.0 352615.0 381858.0 393737.0 433421.0 433421.0 467736.0 467736.0 467736.0 470177.0 476535.0 486813.0 490709.0 493538.0 501936.0 518833.0 518833.0 518833.0 530309.0 544887.0 545484.0 545484.0 545484.0 548244.0 555108.0 555390.0 566232.0 570504.0 571469.0 576144.0 583694.0 584993.0 584993.0 591882.0 604257.0 604257.0 604257.0 617084.0 617084.0 618904.0 619809.0 620474.0 620474.0 620474.0 620474.0 620474.0 620474.0 620474.0
-1.03e+22 302386.0 335283.0 343433.0 372294.0 388449.0 454593.0 454593.0 454593.0 454593.0 467176.0 467176.0 467176.0 472256.0 519074.0 519074.0 519074.0 519074.0 519074.0 523681.0 524631.0 530461.0 545172.0 545172.0 545172.0 545172.0 553350.0 561930.0 561930.0 565777.0 565777.0 571707.0 577740.0 587715.0 587715.0 592330.0 592330.0 600850.0 600850.0 600850.0 604064.0 610437.0 614593.0 619568.0 619568.0 619568.0 619568.0 619568.0 619568.0 619568.0
-1.6999999999999997e+21 354784.0 378622.0 378622.0 378622.0 414508.0 443461.0 457956.0 457956.0 499163.0 499163.0 522726.0 522726.0 522726.0 522929.0 522929.0 522929.0 539042.0 539042.0 539042.0 539042.0 539480.0 545074.0 569206.0 569206.0 572732.0 572732.0 574676.0 574676.0 579624.0 583915.0 585820.0 586818.0 593922.0 598266.0 606110.0 609010.0 609010.0 609725.0 612256.0 615046.0 615046.0 616620.0 616620.0 616620.0 616620.0 616620.0 618670.0 618670.0 618670.0
